Taxon	SKB8.640193	SKD9.640182	SKB1.640202	SKB6.640176	SKM3.640197	SKM1.640183	SKM7.640188	SKM4.640180	SKD6.640190	SKD3.640198	SKB2.640194	SKM5.640177	SKB3.640195	SKB5.640181	SKD2.640178	SKM8.640201	SKM2.640199	SKB4.640189	SKD7.640191	SKB7.640196	SKB9.640200	SKD8.640184	SKM9.640192	SKM6.640187	SKD4.640185	SKD1.640179
k__Archaea;p__Crenarchaeota;c__Thaumarchaeota;o__Cenarchaeales;f__Cenarchaeaceae	0.0	0.0	0.0	0.000106033294454	0.0	0.0	5.14615067929e-05	0.0	0.0	0.0	0.000287356321839	0.0	0.0	0.0	0.0	0.0	0.000141723356009	0.0	0.0	0.0	8.19403474271e-05	0.0	0.0	0.0	0.0	0.0
k__Archaea;p__Crenarchaeota;c__Thaumarchaeota;o__Cenarchaeales;f__SAGMA-X	0.0	0.0	0.0	0.0	0.0	0.0	0.0	0.0	0.0	0.0	0.0	0.0	0.0	0.0	0.0	0.0	0.0	0.0	0.0	0.0	0.0	9.85707244948e-05	0.0	0.0	0.0	0.0
k__Archaea;p__Crenarchaeota;c__Thaumarchaeota;o__Nitrososphaerales;f__Nitrososphaeraceae	0.000512076470086	0.00054684651841	0.00511175704119	0.00434736507263	0.0057227247554	0.00539757767246	0.00036023054755	0.00386871334082	0.0033576362241	0.00376293508937	0.00584291187739	0.00584138395866	0.00557825267128	0.0049975621648	0.00425363537442	0.000347826086957	0.00354308390023	0.00471826513021	0.00151712180321	0.000434933890049	0.000819403474271	0.000788565795959	0.000367647058824	0.0	0.0	0.0
k__Archaea;p__Euryarchaeota;c__Methanobacteria;o__Methanobacteriales;f__Methanobacteriaceae	0.0	0.0	0.0	0.0	0.0	0.0	0.0	0.0	0.0	0.0	0.0	0.0	0.0	0.0	0.0	0.0	0.0	9.07358678886e-05	0.0	0.0	0.0	0.0	0.0	0.0	0.0	0.0
k__Archaea;p__Euryarchaeota;c__Methanomicrobia;o__Methanocellales;f__Methanocellaceae	0.0	0.0	0.0	0.000106033294454	0.0	0.0	0.0	0.0	0.0	0.0	0.0	0.0	0.0	0.0	0.0	0.0	0.0	0.0	0.0	0.0	0.0	0.0	0.0	0.0	0.0	0.0
k__Archaea;p__Euryarchaeota;c__Thermoplasmata;o__E2;f__Marine group II	0.0	0.0	0.00010023053022	0.0	0.0	0.0	0.0	0.000124797204543	0.0	0.0	0.0	0.0	0.0	0.0	0.0	0.0	0.0	0.0	0.0	0.0	0.0	0.0	0.0	0.0	0.0	0.0
k__Archaea;p__Euryarchaeota;c__Thermoplasmata;o__E2;f__Marine group III	8.53460783477e-05	0.0	0.0	0.0	0.0	0.0	0.0	0.0	0.0	0.0	0.0	0.0	0.0	0.0	0.0	0.0	0.0	0.0	0.0	0.0	0.0	0.0	0.0	0.0	0.0	0.0
k__Bacteria;p__AD3;c__ABS-6;o__;f__	0.0	0.0	0.0	0.0	0.0	0.0	0.0	0.0	0.0	0.0	0.0	0.0	0.0	0.0	0.0	0.0	0.000141723356009	0.0	0.0	0.0	0.0	0.0	0.0	0.0	0.0	0.0
k__Bacteria;p__Acidobacteria;c__;o__;f__	0.0	0.0	0.000601383181317	0.0	0.000553812073103	0.000526592943655	0.0	0.0	0.000143898695318	0.0	0.000191570881226	0.000337002920692	0.00039283469516	0.0	9.89217528935e-05	0.0	0.000425170068027	0.0	0.000108365843086	0.0	0.0	0.0	0.0	0.0	0.0	0.0
k__Bacteria;p__Acidobacteria;c__;o__;f__Koribacteraceae	0.0	0.0	0.000701613711537	0.000318099883363	0.000461510060919	0.000263296471827	5.14615067929e-05	0.000249594409085	0.00033576362241	0.000598648764218	0.000574712643678	0.000224668613795	0.000864236329353	0.000121891760117	0.000395687011574	0.0	0.000283446712018	0.000362943471554	0.0	0.0	0.0	0.0	0.0	0.0	0.0	0.0
k__Bacteria;p__Acidobacteria;c__Acidobacteria (class);o__Acidobacteriales;f__	0.000682768626782	0.00401020780168	0.0232534830109	0.00964902979536	0.0275059996308	0.0242232754081	0.00200699876492	0.0152252589542	0.01731580967	0.0176173779184	0.0212643678161	0.0197708380139	0.0211345065996	0.0153583617747	0.0144425759224	0.00208695652174	0.0246598639456	0.0142455312585	0.00281751192024	0.000782881002088	0.00188462799082	0.00167570231641	0.000514705882353	0.0	0.0	0.0
k__Bacteria;p__Acidobacteria;c__Acidobacteria (class);o__Acidobacteriales;f__Acidobacteriaceae	8.53460783477e-05	0.0	0.000300691590659	0.000318099883363	9.23020121839e-05	0.000131648235914	0.0	0.0	0.00033576362241	0.00128281878047	0.00105363984674	0.000112334306897	0.000628535512256	0.000121891760117	0.00178059155208	0.0	0.0	0.000181471735777	0.0	0.000173973556019	0.0	9.85707244948e-05	0.0	0.0	0.0	0.0
k__Bacteria;p__Acidobacteria;c__Acidobacteria-5;o__;f__	0.0	0.0	0.00010023053022	0.000106033294454	0.000553812073103	0.0	0.0	0.00049918881817	0.000191864927091	0.000256563756093	0.000574712643678	0.000561671534487	0.000314267756128	0.0	0.0	0.0	0.000708616780045	9.07358678886e-05	0.0	0.0	0.0	0.0	0.0	0.0	0.0	0.0
k__Bacteria;p__Acidobacteria;c__Chloracidobacteria;o__;f__	0.00290176666382	0.00637987604812	0.00701613711537	0.00392323189481	0.0057227247554	0.00394944707741	0.00483738163853	0.00736303506801	0.00479662317728	0.00376293508937	0.00641762452107	0.00595371826556	0.00872093023256	0.0049975621648	0.00366010485706	0.00544927536232	0.00496031746032	0.00644224662009	0.0108365843086	0.00200069589422	0.00352343493936	0.00611138491868	0.00338235294118	0.0	0.0	0.0
k__Bacteria;p__Acidobacteria;c__PAUC37f;o__;f__	0.0	0.0	0.0	0.0	0.0	0.000131648235914	0.0	0.0	0.0	0.0	0.0	0.0	7.85669390321e-05	0.0	0.0	0.0	0.0	0.0	0.0	0.0	0.0	0.0	0.0	0.0	0.0	0.0
k__Bacteria;p__Acidobacteria;c__RB25;o__;f__	0.0	0.0	0.0	0.0	0.0	0.0	0.0	0.0	0.0	0.0	0.0	0.0	0.0	0.0	0.0	0.0	0.000141723356009	0.0	0.0	0.0	0.0	0.0	0.0	0.0	0.0	0.0
k__Bacteria;p__Acidobacteria;c__Solibacteres;o__Solibacterales;f__Solibacteraceae	0.00110949901852	0.000729128691214	0.00912097824997	0.00477149825045	0.0101532213402	0.00658241179568	0.000566076574722	0.00511668538625	0.00748273215656	0.00598648764218	0.0095785440613	0.00909907885868	0.00746385920805	0.00633837152608	0.00494608764467	0.00115942028986	0.00651927437642	0.00607930314853	0.00216731686173	0.00147877522617	0.00172074729597	0.00137999014293	0.000882352941176	0.0	0.0	0.0
k__Bacteria;p__Acidobacteria;c__Sva0725;o__;f__	0.000170692156695	0.00054684651841	0.00280645484615	0.00212066588909	0.00461510060919	0.00236966824645	0.000205846027172	0.0049918881817	0.00316577129701	0.00179594629265	0.00277777777778	0.00494270950348	0.00235700817096	0.00292540224281	0.00187951330498	0.000695652173913	0.00496031746032	0.00108883041466	0.000433463372345	0.000347947112039	0.00057358243199	0.000492853622474	0.000294117647059	0.0	0.0	1.0
k__Bacteria;p__Acidobacteria;c__iii1-8;o__;f__	0.0	0.0	0.000902074771976	0.000318099883363	0.00166143621931	0.000789889415482	5.14615067929e-05	0.000124797204543	0.00033576362241	0.000427606260156	0.000383141762452	0.000674005841384	0.000471401634192	0.000609458800585	9.89217528935e-05	0.000115942028986	0.000425170068027	0.000362943471554	0.000108365843086	0.0	0.0	9.85707244948e-05	0.0	0.0	0.0	0.0
k__Bacteria;p__Actinobacteria;c__;o__;f__	0.0	0.000364564345607	0.00010023053022	0.000212066588909	0.000184604024368	0.000263296471827	0.0	0.0	0.000143898695318	0.000342085008125	0.0	0.000112334306897	0.0	0.000243783520234	9.89217528935e-05	0.0	0.000283446712018	9.07358678886e-05	0.0	0.0	0.0	0.0	0.0	0.0	0.0	0.0
k__Bacteria;p__Actinobacteria;c__Actinobacteria (class);o__;f__	0.0	0.0	0.0	0.000318099883363	9.23020121839e-05	0.000131648235914	0.0	0.0	0.000191864927091	0.0	9.5785440613e-05	0.0	0.000235700817096	0.000121891760117	0.0	0.0	0.000141723356009	0.000181471735777	0.0	8.69867780097e-05	0.0	0.0	0.0	0.0	0.0	0.0
k__Bacteria;p__Actinobacteria;c__Actinobacteria (class);o__0319-7L14;f__	0.0	0.0	0.00010023053022	0.000106033294454	0.000461510060919	0.000526592943655	0.0	0.0	0.000191864927091	0.0	0.0	0.000112334306897	0.0	0.0	0.000197843505787	0.0	0.0	9.07358678886e-05	0.0	0.0	0.0	0.0	0.0	0.0	0.0	0.0
k__Bacteria;p__Actinobacteria;c__Actinobacteria (class);o__Acidimicrobiales;f__	0.000341384313391	0.00054684651841	0.00120276636263	0.00106033294454	0.000830718109655	0.000921537651395	0.00036023054755	0.000748783227256	0.00167881811205	0.0011117762764	0.00095785440613	0.00123567737587	0.000707102451288	0.000853242320819	0.000989217528935	0.000115942028986	0.000992063492063	0.000725886943109	0.000541829215431	0.0	0.000245821042281	9.85707244948e-05	0.000294117647059	0.0	0.0	0.0
k__Bacteria;p__Actinobacteria;c__Actinobacteria (class);o__Acidimicrobiales;f__AKIW874	0.000256038235043	0.0	0.000200461060439	0.000530166472272	0.000553812073103	0.000789889415482	0.000308769040758	0.00049918881817	0.000383729854183	0.000342085008125	0.00134099616858	0.000898674455179	0.000235700817096	0.000853242320819	9.89217528935e-05	0.0	0.000283446712018	0.000544415207331	0.0	0.0	8.19403474271e-05	9.85707244948e-05	7.35294117647e-05	0.0	0.0	0.0
k__Bacteria;p__Actinobacteria;c__Actinobacteria (class);o__Acidimicrobiales;f__CL500-29	8.53460783477e-05	0.000182282172803	0.000400922120878	0.000212066588909	0.000369208048735	0.000131648235914	0.000102923013586	0.000249594409085	0.000191864927091	0.000427606260156	9.5785440613e-05	0.000224668613795	0.000157133878064	0.000487567040468	0.000197843505787	0.0	0.000141723356009	0.000272207603666	0.0	0.000173973556019	8.19403474271e-05	0.0	0.0	0.0	0.0	0.0
k__Bacteria;p__Actinobacteria;c__Actinobacteria (class);o__Acidimicrobiales;f__EB1017	8.53460783477e-05	0.000364564345607	0.000601383181317	0.000636199766727	0.000461510060919	0.000263296471827	5.14615067929e-05	0.000249594409085	0.000767459708365	0.000940733772342	0.000574712643678	0.000112334306897	0.00039283469516	0.000243783520234	0.000593530517361	0.000231884057971	0.000283446712018	0.00063515107522	0.000325097529259	0.0	0.000245821042281	0.0	0.0	0.0	0.0	0.0
k__Bacteria;p__Actinobacteria;c__Actinobacteria (class);o__Acidimicrobiales;f__Iamiaceae	0.000256038235043	0.00127597520962	0.00130299689285	0.00148446612236	0.00119992615839	0.00118483412322	0.000463153561136	0.000998377636341	0.0015828856485	0.00076969126828	0.00105363984674	0.000674005841384	0.00117850408548	0.000975134080936	0.00118706103472	0.000347826086957	0.0015589569161	0.00163324562199	0.000433463372345	8.69867780097e-05	0.000163880694854	0.000492853622474	0.000147058823529	0.0	0.0	0.0
k__Bacteria;p__Actinobacteria;c__Actinobacteria (class);o__Acidimicrobiales;f__Microthrixaceae	0.0	0.0	0.0	0.000212066588909	0.000276906036552	0.000263296471827	5.14615067929e-05	0.000124797204543	9.59324635457e-05	0.0	0.0	0.000112334306897	7.85669390321e-05	0.0	0.0	0.0	0.0	9.07358678886e-05	0.0	0.0	0.0	0.0	7.35294117647e-05	0.0	0.0	0.0
k__Bacteria;p__Actinobacteria;c__Actinobacteria (class);o__Acidimicrobiales;f__ZA3612c	0.0	0.0	0.0	0.0	0.0	0.0	0.0	0.0	0.0	0.0	0.0	0.0	0.0	0.0	0.0	0.0	0.0	0.0	0.0	8.69867780097e-05	0.0	0.0	0.0	0.0	0.0	0.0
k__Bacteria;p__Actinobacteria;c__Actinobacteria (class);o__Actinomycetales;f__	0.001962959802	0.000364564345607	0.00170391901373	0.00371116530591	0.00267675835333	0.00223802001053	0.000205846027172	0.00187195806814	0.00215848042978	0.00205251004875	0.00201149425287	0.00179734891036	0.00157133878064	0.00231594344222	0.00286873083391	0.0	0.00198412698413	0.00190545322566	0.000758560901604	0.000173973556019	8.19403474271e-05	0.000394282897979	0.000147058823529	0.0	0.0	0.0
k__Bacteria;p__Actinobacteria;c__Actinobacteria (class);o__Actinomycetales;f__Actinopolysporaceae	0.0	0.0	0.0	0.0	0.0	0.0	0.0	0.000124797204543	9.59324635457e-05	0.0	0.0	0.0	0.0	0.0	0.0	0.0	0.0	0.0	0.0	0.0	0.0	0.0	0.0	0.0	0.0	0.0
k__Bacteria;p__Actinobacteria;c__Actinobacteria (class);o__Actinomycetales;f__Actinospicaceae	0.0	0.0	0.0	0.0	0.0	0.0	0.0	0.0	4.79662317728e-05	0.0	0.0	0.0	0.0	0.0	0.0	0.0	0.0	0.0	0.0	0.0	0.0	0.0	0.0	0.0	0.0	0.0
k__Bacteria;p__Actinobacteria;c__Actinobacteria (class);o__Actinomycetales;f__Actinosynnemataceae	0.000938806861825	0.00182282172803	0.000300691590659	0.000212066588909	9.23020121839e-05	0.000263296471827	0.00036023054755	0.00049918881817	9.59324635457e-05	0.000171042504062	0.000191570881226	0.000449337227589	0.000157133878064	0.000365675280351	0.0	0.000115942028986	0.000283446712018	0.000272207603666	0.00726051148678	0.00608907446068	0.00426089806621	0.00640709709216	7.35294117647e-05	0.0	0.0	0.0
k__Bacteria;p__Actinobacteria;c__Actinobacteria (class);o__Actinomycetales;f__Beutenbergiaceae	0.0	0.0	0.0	0.000106033294454	0.0	0.0	0.0	0.0	0.000287797390637	0.0	0.0	0.0	0.0	0.0	0.0	0.0	0.0	0.0	0.000108365843086	0.0	0.0	0.0	0.0	0.0	0.0	0.0
k__Bacteria;p__Actinobacteria;c__Actinobacteria (class);o__Actinomycetales;f__Bogoriellaceae	0.0	0.0	0.000400922120878	0.000636199766727	0.000461510060919	0.000131648235914	0.0	0.0	0.000575594781274	0.000427606260156	0.000383141762452	0.000674005841384	0.000157133878064	0.000853242320819	0.000197843505787	0.0	0.000708616780045	0.000544415207331	0.000216731686173	0.0	0.000163880694854	0.0	0.0	0.0	0.0	0.0
k__Bacteria;p__Actinobacteria;c__Actinobacteria (class);o__Actinomycetales;f__Brevibacteriaceae	0.0	0.000911410864017	0.00010023053022	0.000318099883363	0.000276906036552	0.000263296471827	0.000102923013586	0.000998377636341	0.00187068303914	0.000256563756093	0.000478927203065	0.000449337227589	0.000235700817096	0.000365675280351	0.000494608764467	0.0	0.000283446712018	0.000453679339443	0.000216731686173	8.69867780097e-05	0.000655522779417	0.0	0.000147058823529	0.0	0.0	0.0
k__Bacteria;p__Actinobacteria;c__Actinobacteria (class);o__Actinomycetales;f__Cellulomonadaceae	0.0	0.0	0.00120276636263	0.00148446612236	0.0023075503046	0.00355450236967	0.000154384520379	0.00137276924997	0.00220644666155	0.00196698879672	0.00201149425287	0.00101100876208	0.00141420490258	0.00121891760117	0.00187951330498	0.000115942028986	0.00283446712018	0.000816622810997	0.000325097529259	0.000260960334029	8.19403474271e-05	0.000295712173484	0.000147058823529	0.0	0.0	0.0
k__Bacteria;p__Actinobacteria;c__Actinobacteria (class);o__Actinomycetales;f__Corynebacteriaceae	0.0	0.0	0.0	0.0	9.23020121839e-05	0.0	0.0	0.0	0.0	0.0	0.0	0.0	0.0	0.0	0.0	0.0	0.0	0.0	0.0	0.0	0.0	0.0	0.0	0.0	0.0	0.0
k__Bacteria;p__Actinobacteria;c__Actinobacteria (class);o__Actinomycetales;f__Cryptosporangiaceae	0.0	0.0	0.00010023053022	0.000106033294454	0.0	0.0	0.0	0.0	0.0	0.0	0.0	0.0	0.0	0.0	0.0	0.0	0.0	0.0	0.0	0.0	0.0	0.0	0.0	0.0	0.0	0.0
k__Bacteria;p__Actinobacteria;c__Actinobacteria (class);o__Actinomycetales;f__Dermabacteraceae	0.0	0.0	0.0	0.000530166472272	0.0	0.000263296471827	0.000102923013586	0.000374391613628	0.00143898695318	0.000171042504062	0.0	0.000561671534487	7.85669390321e-05	0.000365675280351	0.0	0.000115942028986	0.000141723356009	0.00117956628255	0.000108365843086	0.000695894224078	0.000163880694854	9.85707244948e-05	7.35294117647e-05	0.0	0.0	0.0
k__Bacteria;p__Actinobacteria;c__Actinobacteria (class);o__Actinomycetales;f__Dermacoccaceae	0.0	0.0	0.0	0.0	0.0	0.0	0.0	0.0	9.59324635457e-05	0.0	0.0	0.0	0.0	0.0	0.0	0.0	0.0	0.0	0.0	0.0	0.0	0.0	0.0	0.0	0.0	0.0
k__Bacteria;p__Actinobacteria;c__Actinobacteria (class);o__Actinomycetales;f__Dermatophilaceae	0.0	0.0	0.0	0.0	0.0	0.0	0.0	0.0	0.0	0.0	0.0	0.0	0.0	0.000121891760117	0.0	0.0	0.0	0.0	0.0	0.0	0.0	0.0	0.0	0.0	0.0	0.0
k__Bacteria;p__Actinobacteria;c__Actinobacteria (class);o__Actinomycetales;f__Dietziaceae	0.0	0.0	0.0	0.0	0.0	0.0	0.0	0.0	0.0	0.0	0.0	0.0	7.85669390321e-05	0.0	0.0	0.0	0.0	9.07358678886e-05	0.0	0.0	0.0	0.0	0.0	0.0	0.0	0.0
k__Bacteria;p__Actinobacteria;c__Actinobacteria (class);o__Actinomycetales;f__Frankiaceae	0.0	0.0	0.000601383181317	0.000530166472272	0.000461510060919	0.000394944707741	5.14615067929e-05	0.000124797204543	0.000479662317728	0.00102625502437	0.000383141762452	0.000112334306897	0.000628535512256	0.000243783520234	0.000692452270254	0.0	0.000283446712018	0.000453679339443	0.000325097529259	0.0	8.19403474271e-05	0.0	7.35294117647e-05	0.0	0.0	0.0
k__Bacteria;p__Actinobacteria;c__Actinobacteria (class);o__Actinomycetales;f__Geodermatophilaceae	0.000170692156695	0.0	0.00180414954395	0.00561976460609	0.00221524829241	0.00276461295419	0.000205846027172	0.00212155247722	0.00292594013814	0.00282220131703	0.00316091954023	0.00325769490002	0.00227844123193	0.00450999512433	0.00197843505787	0.000115942028986	0.00425170068027	0.00462752926232	0.000216731686173	8.69867780097e-05	0.000245821042281	0.00019714144899	0.000147058823529	0.0	0.0	0.0
k__Bacteria;p__Actinobacteria;c__Actinobacteria (class);o__Actinomycetales;f__Glycomycetaceae	0.0145088333191	0.000911410864017	0.000300691590659	0.000106033294454	0.00212294628023	0.00171142706688	0.00231576780568	0.00237114688631	0.000383729854183	0.000342085008125	0.0	0.00179734891036	0.0	0.000121891760117	0.0	0.00266666666667	0.00170068027211	0.0	0.000108365843086	0.000869867780097	0.00155686660111	9.85707244948e-05	0.00147058823529	0.0	0.0	0.0
k__Bacteria;p__Actinobacteria;c__Actinobacteria (class);o__Actinomycetales;f__Gordoniaceae	8.53460783477e-05	0.0	0.000300691590659	0.000424133177818	0.000184604024368	0.000131648235914	5.14615067929e-05	0.000124797204543	0.000239831158864	0.000342085008125	9.5785440613e-05	0.0	7.85669390321e-05	0.000243783520234	9.89217528935e-05	0.000231884057971	0.000141723356009	0.000272207603666	0.0	0.0	0.0	0.0	7.35294117647e-05	0.0	0.0	0.0
k__Bacteria;p__Actinobacteria;c__Actinobacteria (class);o__Actinomycetales;f__Intrasporangiaceae	8.53460783477e-05	0.00054684651841	0.000801844241756	0.00180256600573	0.00101532213402	0.00236966824645	0.00036023054755	0.00124797204543	0.0015828856485	0.000256563756093	0.000862068965517	0.00213435183105	0.00117850408548	0.00109702584105	0.000989217528935	0.000579710144928	0.00226757369615	0.00181471735777	0.000650195058518	0.000260960334029	0.000819403474271	0.000492853622474	0.000367647058824	0.0	0.0	0.0
k__Bacteria;p__Actinobacteria;c__Actinobacteria (class);o__Actinomycetales;f__Kineosporiaceae	0.0	0.0	0.000601383181317	0.000636199766727	0.0	0.000263296471827	0.0	0.000623986022713	0.000767459708365	0.000598648764218	0.000478927203065	0.000561671534487	0.00039283469516	0.000731350560702	0.000692452270254	0.0	0.000283446712018	0.000362943471554	0.0	0.0	0.0	0.0	7.35294117647e-05	0.0	0.0	0.0
k__Bacteria;p__Actinobacteria;c__Actinobacteria (class);o__Actinomycetales;f__Microbacteriaceae	0.00290176666382	0.00820269777616	0.00711636764558	0.00890679673417	0.00498430865793	0.00803054239073	0.0036023054755	0.00511668538625	0.0119915579432	0.00846660395108	0.00727969348659	0.00595371826556	0.00620678818353	0.00901999024866	0.0115738450885	0.00417391304348	0.00751133786848	0.0063515107522	0.00563502384049	0.00408837856646	0.00278597181252	0.00482996550025	0.00375	0.0	0.0	0.0
k__Bacteria;p__Actinobacteria;c__Actinobacteria (class);o__Actinomycetales;f__Micrococcaceae	0.000682768626782	0.00273423259205	0.00420968226922	0.0109214293288	0.0051689126823	0.0067140600316	0.00149238369699	0.00798702109073	0.00968917881811	0.00367741383734	0.00632183908046	0.0085374073242	0.00361407919547	0.00914188200878	0.0030665743397	0.00139130434783	0.00637755102041	0.0119771345613	0.00509319462505	0.00173973556019	0.00188462799082	0.00108427796944	0.000955882352941	0.0	0.0	0.0
k__Bacteria;p__Actinobacteria;c__Actinobacteria (class);o__Actinomycetales;f__Micromonosporaceae	0.00563284117095	0.0051039008385	0.0125288162774	0.0109214293288	0.00756876499908	0.0150078988942	0.0036023054755	0.00773742668164	0.0129508825787	0.0202685367314	0.013601532567	0.0085374073242	0.0120993086109	0.00694783032667	0.0265110297754	0.00231884057971	0.015306122449	0.00607930314853	0.00530992631123	0.00304453723034	0.00614552605703	0.00453425332676	0.000882352941176	0.0	0.0	0.0
k__Bacteria;p__Actinobacteria;c__Actinobacteria (class);o__Actinomycetales;f__Mycobacteriaceae	0.00145088333191	0.00473933649289	0.00220507166483	0.0108153960344	0.00323057042644	0.00236966824645	0.00241869081927	0.00162236365905	0.00316577129701	0.00538783887796	0.00316091954023	0.00303302628623	0.00298554368322	0.00390053632374	0.00405579186863	0.00150724637681	0.00368480725624	0.00526268033754	0.0031426094495	0.00252261656228	0.00114716486398	0.00137999014293	0.00360294117647	0.0	0.0	0.0
k__Bacteria;p__Actinobacteria;c__Actinobacteria (class);o__Actinomycetales;f__Nakamurellaceae	0.0	0.0	0.00010023053022	0.0	9.23020121839e-05	0.0	0.0	0.0	9.59324635457e-05	0.0	0.0	0.0	0.0	0.0	9.89217528935e-05	0.0	0.0	0.0	0.0	0.0	0.0	0.0	0.0	0.0	0.0	0.0
k__Bacteria;p__Actinobacteria;c__Actinobacteria (class);o__Actinomycetales;f__Nocardiaceae	0.0	0.0	0.000601383181317	0.000848266355636	0.000461510060919	0.000394944707741	0.000154384520379	0.000748783227256	0.001055257099	0.000513127512187	0.000574712643678	0.000674005841384	0.00039283469516	0.000487567040468	0.000989217528935	0.000115942028986	0.00113378684807	0.000453679339443	0.000108365843086	0.0	8.19403474271e-05	0.0	7.35294117647e-05	0.0	0.0	0.0
k__Bacteria;p__Actinobacteria;c__Actinobacteria (class);o__Actinomycetales;f__Nocardioidaceae	0.0102415294017	0.0151294203427	0.00631452340383	0.0152687944014	0.00553812073103	0.00710900473934	0.00355084396871	0.00536627979533	0.0111761320031	0.00726930642265	0.00871647509579	0.00718939564143	0.00573538654934	0.0112140419308	0.0076169749728	0.00208695652174	0.00793650793651	0.0105253606751	0.0143042912874	0.00434933890049	0.00516224188791	0.0116313454904	0.00220588235294	0.0	0.0	0.0
k__Bacteria;p__Actinobacteria;c__Actinobacteria (class);o__Actinomycetales;f__Nocardiopsaceae	0.0	0.0	0.0010023053022	0.000636199766727	0.000923020121839	0.00184307530279	0.000102923013586	0.00149756645451	0.00278204144282	0.00222355255281	0.000383141762452	0.000898674455179	0.000628535512256	0.000975134080936	0.00316549609259	0.0	0.000708616780045	0.000362943471554	0.000758560901604	8.69867780097e-05	0.0	0.0	0.0	0.0	0.0	0.0
k__Bacteria;p__Actinobacteria;c__Actinobacteria (class);o__Actinomycetales;f__Promicromonosporaceae	0.00597422548434	0.00364564345607	0.00370852961812	0.0155868942848	0.00276906036552	0.00513428120063	0.0110127624537	0.00873580431798	0.0131427475058	0.0038484563414	0.00469348659004	0.00864974163109	0.00432118164676	0.00597269624573	0.00197843505787	0.0142608695652	0.00368480725624	0.00816622810997	0.0312093628088	0.0119171885873	0.00458865945592	0.0170527353376	0.0107352941176	0.0	0.0	0.0
k__Bacteria;p__Actinobacteria;c__Actinobacteria (class);o__Actinomycetales;f__Pseudonocardiaceae	0.00290176666382	0.0054684651841	0.00390899067856	0.0109214293288	0.00664574487724	0.00934702474987	0.000823384108687	0.00449269936353	0.00647544128933	0.00761139143077	0.00411877394636	0.00460570658279	0.00361407919547	0.00353486104339	0.00672667919676	0.000463768115942	0.00977891156463	0.00508120860176	0.00671868227135	0.00339248434238	0.0018026876434	0.00453425332676	0.00110294117647	0.0	0.0	0.0
k__Bacteria;p__Actinobacteria;c__Actinobacteria (class);o__Actinomycetales;f__Sanguibacteraceae	0.0	0.0	0.0	0.0	0.0	0.000131648235914	0.0	0.0	0.000239831158864	8.55212520311e-05	0.0	0.0	7.85669390321e-05	0.0	0.0	0.0	0.0	0.0	0.0	0.0	0.0	0.0	0.0	0.0	0.0	0.0
k__Bacteria;p__Actinobacteria;c__Actinobacteria (class);o__Actinomycetales;f__Segniliparaceae	0.0	0.000182282172803	0.0	0.0	0.0	0.0	0.0	0.0	0.0	0.0	0.0	0.0	0.0	0.0	0.0	0.0	0.0	0.0	0.0	0.0	0.0	0.0	0.0	0.0	0.0	0.0
k__Bacteria;p__Actinobacteria;c__Actinobacteria (class);o__Actinomycetales;f__Sporichthyaceae	8.53460783477e-05	0.0	0.0	0.000424133177818	0.0	0.000131648235914	5.14615067929e-05	0.000124797204543	0.000239831158864	8.55212520311e-05	9.5785440613e-05	0.000112334306897	0.0	0.000121891760117	9.89217528935e-05	0.0	0.0	0.000544415207331	0.000216731686173	0.0	0.0	9.85707244948e-05	0.0	0.0	0.0	0.0
k__Bacteria;p__Actinobacteria;c__Actinobacteria (class);o__Actinomycetales;f__Streptomycetaceae	0.0122898352821	0.0415603353992	0.0112258193846	0.0664828756229	0.0123684696326	0.0160610847815	0.0100349938246	0.0126045176588	0.0334804297774	0.0163345591379	0.0164750957854	0.0140417883622	0.01217787555	0.0240126767431	0.0159264022158	0.00568115942029	0.015447845805	0.0326649124399	0.0337017771998	0.00904662491301	0.013438216978	0.0338097585017	0.00463235294118	0.0	0.0	0.0
k__Bacteria;p__Actinobacteria;c__Actinobacteria (class);o__Actinomycetales;f__Streptosporangiaceae	0.00110949901852	0.000729128691214	0.00150345795329	0.00381719860036	0.00267675835333	0.00447604002106	0.000257307533965	0.00149756645451	0.00470069071374	0.00897973146327	0.0036398467433	0.00168501460346	0.00180703959774	0.00195026816187	0.0110792363241	0.0	0.0031179138322	0.00145177388622	0.000433463372345	0.000782881002088	8.19403474271e-05	0.000295712173484	7.35294117647e-05	0.0	0.0	0.0
k__Bacteria;p__Actinobacteria;c__Actinobacteria (class);o__Actinomycetales;f__Thermomonosporaceae	8.53460783477e-05	0.00328107911046	0.00260599378571	0.00307496553918	0.00369208048735	0.00618746708794	5.14615067929e-05	0.00237114688631	0.00470069071374	0.00504575386984	0.00536398467433	0.00213435183105	0.00314267756128	0.00182837640176	0.00850727074884	0.000231884057971	0.00666099773243	0.00217766082933	0.00108365843086	8.69867780097e-05	8.19403474271e-05	0.000887136520453	0.000147058823529	0.0	0.0	0.0
k__Bacteria;p__Actinobacteria;c__Actinobacteria (class);o__Actinomycetales;f__Tsukamurellaceae	0.0	0.0	0.0	0.0	0.0	0.0	0.0	0.0	0.0	0.0	0.0	0.0	0.0	0.0	9.89217528935e-05	0.0	0.0	0.0	0.0	0.0	0.0	0.0	0.0	0.0	0.0	0.0
k__Bacteria;p__Actinobacteria;c__Actinobacteria (class);o__Actinomycetales;f__Williamsiaceae	0.0	0.0	0.0	0.000424133177818	0.0	0.000131648235914	0.0	0.0	4.79662317728e-05	8.55212520311e-05	0.0	0.000112334306897	0.000157133878064	0.000121891760117	9.89217528935e-05	0.0	0.0	0.000181471735777	0.0	0.0	0.0	9.85707244948e-05	0.0	0.0	0.0	0.0
k__Bacteria;p__Actinobacteria;c__Actinobacteria (class);o__Actinomycetales;f__Yaniellaceae	0.0	0.0	0.0	0.0	0.0	0.0	0.0	0.0	4.79662317728e-05	0.0	9.5785440613e-05	0.0	0.0	0.0	0.0	0.0	0.000141723356009	0.0	0.0	0.0	0.0	0.0	0.0	0.0	0.0	0.0
k__Bacteria;p__Actinobacteria;c__Actinobacteria (class);o__Euzebiales;f__Euzebiaceae	0.0	0.0	0.0	0.0	0.0	0.0	0.0	0.000124797204543	0.000239831158864	0.0	0.0	0.0	0.0	0.0	9.89217528935e-05	0.0	0.0	0.0	0.000108365843086	0.0	0.0	0.0	0.0	0.0	0.0	0.0
k__Bacteria;p__Actinobacteria;c__Actinobacteria (class);o__MC47;f__	0.000512076470086	0.0	0.00320737696702	0.00381719860036	0.00221524829241	0.00236966824645	0.0	0.00162236365905	0.0023023791251	0.00290772256906	0.00421455938697	0.00269602336554	0.00369264613451	0.00329107752316	0.00504500939757	0.000231884057971	0.00240929705215	0.00263134016877	0.000650195058518	0.000347947112039	0.000327761389708	0.0	0.000147058823529	0.0	0.0	0.0
k__Bacteria;p__Actinobacteria;c__Actinobacteria (class);o__Rubrobacterales;f__Rubrobacteraceae	8.53460783477e-05	0.000182282172803	0.0	0.0	0.000369208048735	0.000131648235914	0.0	0.000124797204543	4.79662317728e-05	0.000171042504062	0.000191570881226	0.000112334306897	7.85669390321e-05	0.000243783520234	0.0	0.000115942028986	0.0	9.07358678886e-05	0.000108365843086	0.0	0.0	0.0	7.35294117647e-05	0.0	0.0	0.0
k__Bacteria;p__Actinobacteria;c__Actinobacteria (class);o__Solirubrobacterales;f__	0.000768114705129	0.00729128691214	0.00320737696702	0.00519563142827	0.00239985231678	0.0019747235387	0.000771922601894	0.00237114688631	0.00762663085188	0.00692722141452	0.00354406130268	0.00292069197933	0.00259270898806	0.00353486104339	0.00642991393807	0.000347826086957	0.00226757369615	0.00462752926232	0.00260078023407	0.000608907446068	0.000409701737135	0.00177427304091	0.000367647058824	0.0	0.0	0.0
k__Bacteria;p__Actinobacteria;c__Actinobacteria (class);o__Solirubrobacterales;f__Patulibacteraceae	8.53460783477e-05	0.0	0.000200461060439	0.000742233061181	0.0	0.000263296471827	0.0	0.0	0.000287797390637	0.000256563756093	0.000287356321839	0.000224668613795	0.000628535512256	0.000365675280351	0.00029676525868	0.000115942028986	0.000425170068027	0.000544415207331	0.000108365843086	0.0	8.19403474271e-05	0.0	7.35294117647e-05	0.0	0.0	0.0
k__Bacteria;p__Actinobacteria;c__Actinobacteria (class);o__Solirubrobacterales;f__Solirubrobacteraceae	0.000938806861825	0.00145825738243	0.00370852961812	0.00328703212809	0.00175373823149	0.0028962611901	0.000257307533965	0.00137276924997	0.00316577129701	0.00307876507312	0.0036398467433	0.000786340148281	0.00259270898806	0.00182837640176	0.00316549609259	0.0	0.00184240362812	0.00426458579076	0.00086692674469	0.000173973556019	0.000737463126844	0.000295712173484	0.000147058823529	0.0	0.0	0.0
k__Bacteria;p__Actinobacteria;c__Actinobacteria (class);o__koll13;f__	0.000256038235043	0.000729128691214	0.00140322742307	0.000742233061181	0.00249215432896	0.00171142706688	0.00036023054755	0.000998377636341	0.00326170376055	0.000427606260156	0.000862068965517	0.00179734891036	0.00109993714645	0.000731350560702	0.000395687011574	0.000347826086957	0.00212585034014	0.000453679339443	0.000216731686173	8.69867780097e-05	0.0	0.0	7.35294117647e-05	0.0	0.0	0.0
k__Bacteria;p__BRC1;c__PRR-11;o__;f__	0.0	0.00054684651841	0.000902074771976	0.00106033294454	0.00166143621931	0.00157977883096	0.000154384520379	0.000748783227256	0.000383729854183	0.000855212520311	0.000766283524904	0.000561671534487	0.000707102451288	0.000487567040468	0.000692452270254	0.0	0.000708616780045	0.000362943471554	0.000433463372345	0.0	8.19403474271e-05	0.0	0.000147058823529	0.0	0.0	0.0
k__Bacteria;p__Bacteroidetes;c__;o__;f__	0.0	0.0	0.00010023053022	0.000106033294454	0.0	0.0	0.000102923013586	0.0	4.79662317728e-05	8.55212520311e-05	9.5785440613e-05	0.0	0.0	0.000121891760117	0.0	0.000579710144928	0.0	9.07358678886e-05	0.0	0.0	0.0	9.85707244948e-05	0.000294117647059	0.0	0.0	0.0
k__Bacteria;p__Bacteroidetes;c__Bacteroidia;o__Bacteroidales;f__Marinilabiaceae	0.0	0.0	0.0	0.0	0.0	0.000131648235914	0.0	0.0	0.0	0.0	0.0	0.000112334306897	0.0	0.0	9.89217528935e-05	0.0	0.000141723356009	0.0	0.000108365843086	0.0	0.0	0.0	0.0	0.0	0.0	0.0
k__Bacteria;p__Bacteroidetes;c__Bacteroidia;o__Bacteroidales;f__Porphyromonadaceae	0.0	0.0	0.0	0.0	9.23020121839e-05	0.0	0.0	0.0	4.79662317728e-05	0.0	0.0	0.0	0.0	0.0	0.0	0.0	0.0	0.0	0.0	0.0	0.0	0.0	0.0	0.0	0.0	0.0
k__Bacteria;p__Bacteroidetes;c__Flavobacteria;o__;f__	8.53460783477e-05	0.00109369303682	0.0010023053022	0.00243876577245	0.000646114085287	0.000131648235914	0.000154384520379	0.000623986022713	0.00124712202609	0.00230907380484	0.000766283524904	0.000786340148281	0.000942803268385	0.00170648464164	0.00425363537442	0.000115942028986	0.000992063492063	0.00117956628255	0.00130039011704	0.000260960334029	8.19403474271e-05	0.000295712173484	7.35294117647e-05	0.0	0.0	0.0
k__Bacteria;p__Bacteroidetes;c__Flavobacteria;o__Flavobacteriales;f__Cryomorphaceae	0.00230434411539	0.000182282172803	0.00010023053022	0.0	0.0	0.000263296471827	5.14615067929e-05	0.000374391613628	0.000191864927091	8.55212520311e-05	9.5785440613e-05	0.000449337227589	0.000157133878064	0.000121891760117	9.89217528935e-05	0.0	0.000141723356009	0.000181471735777	0.000433463372345	0.00191370911621	0.000819403474271	0.00019714144899	7.35294117647e-05	0.0	0.0	0.0
k__Bacteria;p__Bacteroidetes;c__Flavobacteria;o__Flavobacteriales;f__Flavobacteriaceae	0.0297857813433	0.00309879693766	0.00140322742307	0.00275686565582	0.0034151744508	0.00210637177462	0.0138946068341	0.00411830774991	0.00359746738296	0.00188146754468	0.00239463601533	0.00864974163109	0.00251414204903	0.00304729400293	0.00217627856366	0.0149565217391	0.00240929705215	0.00390164231921	0.00444299956654	0.0245302713987	0.0290888233366	0.00532281912272	0.0260294117647	0.0	0.0	0.0
k__Bacteria;p__Bacteroidetes;c__Sphingobacteria;o__Sphingobacteriales;f__	0.0140821029274	0.0925993437842	0.0344793023955	0.0295832891528	0.0361823887761	0.0263296471827	0.0669514203376	0.0384375389991	0.0497409823484	0.0695287779013	0.0458812260536	0.0435857110762	0.0409333752357	0.0420526572404	0.0560886338906	0.0635362318841	0.0301870748299	0.046456764359	0.156805374946	0.0291405706333	0.0279416584726	0.0723509117792	0.0377205882353	0.0	0.0	0.0
k__Bacteria;p__Bacteroidetes;c__Sphingobacteria;o__Sphingobacteriales;f__Cyclobacteriaceae	0.000170692156695	0.0	0.000601383181317	0.001166366239	0.000923020121839	0.0019747235387	0.00298476739399	0.00287033570448	0.000527628549501	0.000171042504062	0.000287356321839	0.0041563693552	0.000942803268385	0.00170648464164	0.000593530517361	0.00208695652174	0.0015589569161	0.0023591325651	0.0	0.0	8.19403474271e-05	0.0	0.00147058823529	0.0	0.0	0.0
k__Bacteria;p__Bacteroidetes;c__Sphingobacteria;o__Sphingobacteriales;f__Flammeovirgaceae	0.0	0.0	0.00160368848351	0.000212066588909	0.00138453018276	0.000263296471827	0.000257307533965	0.000873580431798	0.00067152724482	0.000342085008125	0.000670498084291	0.000674005841384	0.000785669390321	0.000853242320819	0.000494608764467	0.000463768115942	0.000141723356009	0.000725886943109	0.000108365843086	0.0	0.0	0.0	0.000441176470588	0.0	0.0	0.0
k__Bacteria;p__Bacteroidetes;c__Sphingobacteria;o__Sphingobacteriales;f__Flexibacteraceae	0.00742510881625	0.0180459351075	0.0318733086098	0.0238574912523	0.0563965294443	0.0377830437072	0.0416323589955	0.0431798327717	0.0348234842671	0.0322415120157	0.039846743295	0.0534711300831	0.0483972344437	0.0185275475378	0.0252250469878	0.0761739130435	0.0410997732426	0.0253153071409	0.015062852189	0.018180236604	0.0185185185185	0.0230655495318	0.0442647058824	0.0	0.0	0.0
k__Bacteria;p__Bacteroidetes;c__Sphingobacteria;o__Sphingobacteriales;f__Rhodothermaceae	0.0	0.0	0.0	0.0	0.0	0.0	0.0	0.0	0.0	8.55212520311e-05	0.0	0.0	7.85669390321e-05	0.0	0.0	0.0	0.000141723356009	0.0	0.0	0.0	0.0	0.0	0.0	0.0	0.0	0.0
k__Bacteria;p__Bacteroidetes;c__Sphingobacteria;o__Sphingobacteriales;f__Saprospiraceae	0.0	0.0	0.0010023053022	0.000318099883363	0.00147683219494	0.00157977883096	0.000102923013586	0.000374391613628	0.000719493476592	0.000684170016249	0.00153256704981	0.000337002920692	0.00204274041483	0.0	0.00029676525868	0.0	0.00141723356009	9.07358678886e-05	0.0	0.0	8.19403474271e-05	0.0	7.35294117647e-05	0.0	0.0	0.0
k__Bacteria;p__Bacteroidetes;c__Sphingobacteria;o__Sphingobacteriales;f__Sphingobacteriaceae	0.0239822480157	0.0415603353992	0.00481106545054	0.00742233061181	0.00470740262138	0.00447604002106	0.0203272951832	0.0189691750905	0.0106005372218	0.00718378517061	0.00402298850575	0.0197708380139	0.00463544940289	0.00804485616772	0.0045504006331	0.0124057971014	0.00354308390023	0.012249342165	0.143801473775	0.0668058455115	0.1098820059	0.185017249877	0.0177941176471	0.0	0.0	0.0
k__Bacteria;p__CCM11b;c__;o__;f__	0.0	0.0	0.00010023053022	0.0	0.000184604024368	0.0	0.0	0.000249594409085	0.0	8.55212520311e-05	0.000191570881226	0.000112334306897	0.0	0.0	0.0	0.0	0.000141723356009	0.0	0.0	0.0	0.0	0.0	0.0	0.0	0.0	0.0
k__Bacteria;p__Chlamydiae;c__Chlamydiae (class);o__Chlamydiales;f__	0.0	0.0	0.00010023053022	0.0	0.000276906036552	0.0	0.0	0.000124797204543	0.0	8.55212520311e-05	0.0	0.0	0.000157133878064	0.0	0.0	0.0	0.0	0.0	0.0	0.0	0.0	0.0	0.0	0.0	0.0	0.0
k__Bacteria;p__Chlamydiae;c__Chlamydiae (class);o__Chlamydiales;f__Parachlamydiaceae	0.0	0.0	0.0	0.0	0.0	0.0	0.0	0.0	0.0	0.0	0.0	0.0	0.0	0.0	0.0	0.0	0.0	0.0	0.0	0.0	0.0	9.85707244948e-05	0.0	0.0	0.0	0.0
k__Bacteria;p__Chlamydiae;c__Chlamydiae (class);o__Chlamydiales;f__Rhabdochlamydiaceae	0.0	0.0	0.00010023053022	0.000106033294454	0.0	0.0	0.0	0.0	0.0	0.0	9.5785440613e-05	0.0	0.0	0.0	0.0	0.0	0.0	0.0	0.0	0.0	0.0	0.0	0.0	0.0	0.0	0.0
k__Bacteria;p__Chlorobi;c__;o__;f__	0.0	0.0	0.0	0.0	9.23020121839e-05	0.0	0.0	0.0	0.000143898695318	0.0	0.0	0.000112334306897	7.85669390321e-05	0.0	0.0	0.0	0.0	0.0	0.0	0.0	0.0	0.0	0.0	0.0	0.0	0.0
k__Bacteria;p__Chlorobi;c__BSV19;o__;f__	0.0	0.0	0.0	0.0	0.0	0.0	0.0	0.0	0.0	0.0	0.0	0.000112334306897	0.0	0.0	0.0	0.0	0.0	0.0	0.0	0.0	0.0	0.0	0.0	0.0	0.0	0.0
k__Bacteria;p__Chlorobi;c__SJA-28;o__;f__	0.0	0.0	0.0	0.0	0.0	0.0	0.0	0.0	4.79662317728e-05	0.0	0.0	0.0	7.85669390321e-05	0.0	0.0	0.0	0.0	0.0	0.0	0.0	0.0	0.0	0.0	0.0	0.0	0.0
k__Bacteria;p__Chlorobi;c__ZB1;o__;f__	0.0	0.0	0.00010023053022	0.0	0.000461510060919	0.000526592943655	0.0	0.000124797204543	9.59324635457e-05	0.0	0.000191570881226	0.000112334306897	0.000157133878064	0.0	9.89217528935e-05	0.0	0.000141723356009	0.0	0.0	0.0	0.0	0.0	0.0	0.0	0.0	0.0
k__Bacteria;p__Chloroflexi;c__Anaerolineae;o__;f__	0.0	0.0	0.0	0.0	9.23020121839e-05	0.000131648235914	0.0	0.0	0.0	0.0	0.0	0.000112334306897	7.85669390321e-05	0.0	0.0	0.0	0.000283446712018	0.0	0.0	0.0	0.0	0.0	0.0	0.0	0.0	0.0
k__Bacteria;p__Chloroflexi;c__Anaerolineae;o__A4b;f__	0.000853460783477	0.00145825738243	0.00150345795329	0.00222669918354	0.00406128853609	0.00394944707741	0.00205846027172	0.00336952452265	0.00297390636992	0.00196698879672	0.00229885057471	0.00370703212761	0.00267127592709	0.00219405168211	0.00187951330498	0.00173913043478	0.00368480725624	0.00281281190455	0.000433463372345	0.0	0.000655522779417	0.000492853622474	0.00102941176471	0.0	0.0	0.0
k__Bacteria;p__Chloroflexi;c__Anaerolineae;o__CFB-26;f__	0.0	0.0	0.000701613711537	0.000106033294454	0.000461510060919	0.000394944707741	0.0	0.000249594409085	0.00239831158864	0.000598648764218	0.000191570881226	0.00112334306897	0.000707102451288	0.0	0.00276980908102	0.0	0.00127551020408	0.000181471735777	0.0	0.0	0.0	9.85707244948e-05	0.0	0.0	0.0	0.0
k__Bacteria;p__Chloroflexi;c__Anaerolineae;o__Caldilineales;f__Caldilineaceae	8.53460783477e-05	0.000182282172803	0.000300691590659	0.000424133177818	0.000461510060919	0.000526592943655	0.000102923013586	0.000124797204543	0.00033576362241	0.000427606260156	0.000191570881226	0.000224668613795	0.000471401634192	0.000487567040468	0.000197843505787	0.000347826086957	0.000283446712018	0.000544415207331	0.000216731686173	0.0	0.0	9.85707244948e-05	0.0	0.0	0.0	0.0
k__Bacteria;p__Chloroflexi;c__Anaerolineae;o__H39;f__	0.0	0.0	0.0	0.0	0.000184604024368	0.0	0.0	0.0	0.0	0.0	9.5785440613e-05	0.000112334306897	0.0	0.0	9.89217528935e-05	0.0	0.0	0.0	0.0	0.0	0.0	0.0	0.0	0.0	0.0	0.0
k__Bacteria;p__Chloroflexi;c__Anaerolineae;o__S0208;f__	0.0	0.0	0.0	0.0	0.0	0.0	0.0	0.0	0.0	0.0	0.0	0.000224668613795	0.0	0.0	0.0	0.0	0.000283446712018	9.07358678886e-05	0.0	0.0	0.0	0.0	0.0	0.0	0.0	0.0
k__Bacteria;p__Chloroflexi;c__Anaerolineae;o__SJA-101;f__SHA-31	0.0	0.0	0.0	0.0	9.23020121839e-05	0.0	0.0	0.0	0.0	0.0	0.0	0.0	0.0	0.0	0.0	0.0	0.0	0.0	0.0	0.0	0.0	0.0	0.0	0.0	0.0	0.0
k__Bacteria;p__Chloroflexi;c__Anaerolineae;o__envOPS12;f__	0.0	0.0	0.00010023053022	0.0	0.000184604024368	0.000131648235914	0.0	0.0	0.0	0.0	0.0	0.0	7.85669390321e-05	0.0	0.0	0.0	0.000141723356009	0.0	0.0	0.0	0.0	0.0	0.0	0.0	0.0	0.0
k__Bacteria;p__Chloroflexi;c__Bljii12;o__;f__	8.53460783477e-05	0.0	0.000701613711537	0.000318099883363	0.000461510060919	0.000263296471827	0.000154384520379	0.000623986022713	0.000479662317728	0.000684170016249	0.000574712643678	0.000898674455179	0.000785669390321	0.000609458800585	0.00029676525868	0.0	0.000708616780045	0.00063515107522	0.0	0.0	0.0	0.00019714144899	7.35294117647e-05	0.0	0.0	0.0
k__Bacteria;p__Chloroflexi;c__Chloroflexi (class);o__Roseiflexales;f__	0.0	0.0	0.0	0.0	9.23020121839e-05	0.0	0.0	0.0	0.0	0.0	0.0	0.0	0.0	0.0	0.0	0.0	0.0	0.0	0.0	0.0	0.0	0.0	0.0	0.0	0.0	0.0
k__Bacteria;p__Chloroflexi;c__Chloroflexi (class);o__Roseiflexales;f__Kouleothrixaceae	0.000170692156695	0.0	0.00010023053022	0.000106033294454	0.000276906036552	0.000263296471827	5.14615067929e-05	0.0	4.79662317728e-05	8.55212520311e-05	0.000287356321839	0.0	0.000235700817096	0.000365675280351	0.0	0.0	0.0	0.000272207603666	0.0	0.0	8.19403474271e-05	0.0	7.35294117647e-05	0.0	0.0	0.0
k__Bacteria;p__Chloroflexi;c__Chloroflexi-4;o__;f__	0.0	0.0	0.0	0.000106033294454	0.0	0.000131648235914	5.14615067929e-05	0.0	0.0	0.0	0.0	0.0	0.0	0.0	0.0	0.0	0.0	9.07358678886e-05	0.0	0.0	0.0	9.85707244948e-05	0.0	0.0	0.0	0.0
k__Bacteria;p__Chloroflexi;c__SOGA31;o__;f__	0.000256038235043	0.000911410864017	0.00280645484615	0.00148446612236	0.00184604024368	0.00250131648236	0.000102923013586	0.000873580431798	0.0028300076746	0.0024801163089	0.00277777777778	0.00168501460346	0.00282840980515	0.00134080936129	0.00178059155208	0.000231884057971	0.00255102040816	0.00244986843299	0.000541829215431	0.000434933890049	0.000327761389708	0.000295712173484	0.000220588235294	0.0	0.0	0.0
k__Bacteria;p__Chloroflexi;c__TK17;o__;f__	0.000170692156695	0.000182282172803	0.0010023053022	0.000424133177818	0.00138453018276	0.00105318588731	0.000205846027172	0.00124797204543	0.000911358403684	0.0011117762764	0.00153256704981	0.000674005841384	0.000942803268385	0.000975134080936	0.000791374023148	0.0	0.00127551020408	0.000816622810997	0.000325097529259	0.000434933890049	0.000819403474271	0.000492853622474	0.000147058823529	0.0	0.0	0.0
k__Bacteria;p__Chloroflexi;c__Thermomicrobia;o__;f__	0.0	0.0	0.000200461060439	0.000106033294454	9.23020121839e-05	0.0	0.0	0.0	9.59324635457e-05	0.000171042504062	9.5785440613e-05	0.000112334306897	0.0	0.0	9.89217528935e-05	0.0	0.0	0.0	0.0	0.0	0.0	0.0	0.0	0.0	0.0	0.0
k__Bacteria;p__Chloroflexi;c__Thermomicrobia;o__HN1-15;f__	8.53460783477e-05	0.0	0.0010023053022	0.000742233061181	0.000646114085287	0.000921537651395	0.000102923013586	0.000748783227256	0.000527628549501	0.0011117762764	0.000383141762452	0.000224668613795	0.000549968573224	0.000731350560702	0.000494608764467	0.0	0.000425170068027	0.000544415207331	0.0	8.69867780097e-05	0.0	0.0	0.0	0.0	0.0	0.0
k__Bacteria;p__Chloroflexi;c__Thermomicrobia;o__Thermomicrobiales;f__	0.0	0.00054684651841	0.000501152651098	0.000742233061181	0.000738416097471	0.000526592943655	0.00036023054755	0.000374391613628	0.000191864927091	0.000256563756093	0.000287356321839	0.000561671534487	0.00039283469516	0.000731350560702	0.000395687011574	0.0	0.000566893424036	0.000453679339443	0.0	0.0	8.19403474271e-05	0.0	0.0	0.0	0.0	0.0
k__Bacteria;p__Cyanobacteria;c__;o__;f__	0.000512076470086	0.000911410864017	0.0	0.000106033294454	9.23020121839e-05	0.0	0.000205846027172	0.0	0.00033576362241	8.55212520311e-05	9.5785440613e-05	0.0	0.000157133878064	0.0	0.000197843505787	0.0	0.0	0.000544415207331	0.00086692674469	0.000434933890049	0.00188462799082	0.00137999014293	7.35294117647e-05	0.0	0.0	0.0
k__Bacteria;p__Cyanobacteria;c__;o__Chroococcales;f__	0.0	0.0	0.00010023053022	0.0	0.0	0.0	0.0	0.0	0.000143898695318	0.0	0.0	0.0	0.0	0.0	0.0	0.0	0.0	0.0	0.0	0.0	0.0	0.0	0.0	0.0	0.0	0.0
k__Bacteria;p__Cyanobacteria;c__;o__Chroococcales;f__Prochlorococcaceae	8.53460783477e-05	0.00145825738243	0.000200461060439	0.000212066588909	0.000369208048735	0.000263296471827	0.000154384520379	0.000124797204543	0.000143898695318	0.000513127512187	0.000287356321839	0.000449337227589	0.000235700817096	0.000121891760117	0.00029676525868	0.0	0.000425170068027	0.000453679339443	0.000216731686173	0.0	0.000327761389708	9.85707244948e-05	7.35294117647e-05	0.0	0.0	0.0
k__Bacteria;p__Cyanobacteria;c__S15B-MN24;o__;f__	0.0	0.0	0.00010023053022	0.000106033294454	0.0	0.000131648235914	5.14615067929e-05	0.0	4.79662317728e-05	0.0	9.5785440613e-05	0.000224668613795	0.0	0.000121891760117	9.89217528935e-05	0.0	0.0	9.07358678886e-05	0.0	0.0	0.0	0.0	0.0	0.0	0.0	0.0
k__Bacteria;p__Cyanobacteria;c__SM1D11;o__;f__	0.0	0.0	0.000501152651098	0.0	0.000184604024368	0.000263296471827	0.000102923013586	0.0	4.79662317728e-05	0.0	0.000191570881226	0.000674005841384	0.000235700817096	0.000121891760117	9.89217528935e-05	0.0	0.000141723356009	9.07358678886e-05	0.000108365843086	0.0	0.0	0.0	0.0	0.0	0.0	0.0
k__Bacteria;p__Cyanobacteria;c__mle1-12;o__;f__	8.53460783477e-05	0.000182282172803	0.0	0.0	0.000184604024368	0.0	0.0	0.0	9.59324635457e-05	0.0	9.5785440613e-05	0.0	7.85669390321e-05	0.0	0.0	0.0	0.0	9.07358678886e-05	0.0	0.0	8.19403474271e-05	0.0	0.0	0.0	0.0	0.0
k__Bacteria;p__Elusimicrobia;c__Elusimicrobia (class);o__;f__	0.0	0.0	0.0	0.0	9.23020121839e-05	0.000131648235914	0.0	0.000124797204543	0.000239831158864	0.0	0.000478927203065	0.0	7.85669390321e-05	0.0	0.0	0.0	0.0	0.0	0.0	0.0	0.0	0.0	0.0	0.0	0.0	0.0
k__Bacteria;p__Elusimicrobia;c__Elusimicrobia (class);o__Elusimicrobiales;f__	0.0	0.0	0.0	0.0	0.0	0.0	0.0	0.0	4.79662317728e-05	0.0	0.0	0.0	0.0	0.0	0.0	0.0	0.0	0.0	0.0	0.0	0.0	0.0	0.0	0.0	0.0	0.0
k__Bacteria;p__Firmicutes;c__Bacilli;o__;f__	0.0	0.0	0.0	0.000106033294454	0.0	0.000263296471827	5.14615067929e-05	0.0	0.0	0.0	9.5785440613e-05	0.000112334306897	0.0	0.0	9.89217528935e-05	0.0	0.0	0.0	0.0	0.0	0.0	0.0	0.0	0.0	0.0	0.0
k__Bacteria;p__Firmicutes;c__Bacilli;o__Bacillales;f__	0.000256038235043	0.000364564345607	0.00791821188734	0.00477149825045	0.00443049658483	0.00526592943655	0.000102923013586	0.00311993011357	0.00537221795856	0.00786795518686	0.00699233716475	0.00314536059313	0.0109208045255	0.00682593856655	0.00890295776041	0.0	0.00552721088435	0.00689592595953	0.000433463372345	0.0	8.19403474271e-05	0.00019714144899	0.000147058823529	0.0	0.0	0.0
k__Bacteria;p__Firmicutes;c__Bacilli;o__Bacillales;f__Alicyclobacillaceae	0.000256038235043	0.0	0.00320737696702	0.00307496553918	0.00101532213402	0.00118483412322	0.000102923013586	0.000873580431798	0.00067152724482	0.000684170016249	0.00421455938697	0.00101100876208	0.00243557510999	0.00560702096538	0.000692452270254	0.0	0.00127551020408	0.0031757553761	0.000108365843086	8.69867780097e-05	0.000409701737135	0.00019714144899	7.35294117647e-05	0.0	0.0	0.0
k__Bacteria;p__Firmicutes;c__Bacilli;o__Bacillales;f__Bacillaceae	0.00674234018947	0.0273423259205	0.145935652	0.180574700456	0.171312534613	0.205371248025	0.00545491972005	0.0887308124298	0.125719493477	0.143932267168	0.153352490421	0.0894181082903	0.179289754871	0.200390053632	0.175586111386	0.00521739130435	0.153486394558	0.212049723256	0.0186389250108	0.00635003479471	0.0203212061619	0.00916707737802	0.00411764705882	0.0	0.0	0.0
k__Bacteria;p__Firmicutes;c__Bacilli;o__Bacillales;f__Listeriaceae	0.0	0.0	0.00010023053022	0.000106033294454	0.0	0.0	0.0	0.000124797204543	4.79662317728e-05	8.55212520311e-05	0.000191570881226	0.0	0.0	0.0	0.000197843505787	0.0	0.0	0.0	0.0	0.0	0.0	0.0	0.0	0.0	0.0	0.0
k__Bacteria;p__Firmicutes;c__Bacilli;o__Bacillales;f__Paenibacillaceae	0.00102415294017	0.000911410864017	0.0131301994588	0.0176015268794	0.0109839394499	0.0113217482886	0.00036023054755	0.0049918881817	0.0208173445894	0.013683400325	0.0130268199234	0.0042687036621	0.0132778126964	0.0134080936129	0.0146404194282	0.00104347826087	0.0077947845805	0.0102531530714	0.00130039011704	0.000869867780097	0.000327761389708	0.000788565795959	0.000661764705882	0.0	0.0	0.0
k__Bacteria;p__Firmicutes;c__Bacilli;o__Bacillales;f__Planococcaceae	0.000256038235043	0.00236966824645	0.024656710434	0.020994592302	0.0243677312165	0.0313322801474	0.000308769040758	0.0159740421815	0.025757866462	0.0316428632515	0.0260536398467	0.0147157942035	0.0282840980515	0.0265724037055	0.0505490157286	0.000579710144928	0.0206916099773	0.0193267398603	0.00357607282185	0.000347947112039	0.000983284169125	0.00128141941843	0.000367647058824	0.0	0.0	0.0
k__Bacteria;p__Firmicutes;c__Bacilli;o__Bacillales;f__Sporolactobacillaceae	0.0	0.0	0.0	0.0	0.0	0.0	0.0	0.0	0.0	0.0	0.0	0.0	7.85669390321e-05	0.0	0.0	0.0	0.0	0.0	0.0	0.0	0.0	0.0	0.0	0.0	0.0	0.0
k__Bacteria;p__Firmicutes;c__Bacilli;o__Bacillales;f__Staphylococcaceae	0.0	0.0	0.0	0.000106033294454	9.23020121839e-05	0.0	0.0	0.000124797204543	0.0	0.0	9.5785440613e-05	0.000112334306897	7.85669390321e-05	0.000121891760117	0.0	0.0	0.0	9.07358678886e-05	0.0	0.0	0.0	0.0	0.0	0.0	0.0	0.0
k__Bacteria;p__Firmicutes;c__Bacilli;o__Bacillales;f__Thermoactinomycetaceae	0.0	0.00164053955523	0.00230530219505	0.00222669918354	0.00203064426805	0.0028962611901	0.0	0.000623986022713	0.00513238679969	0.00564440263405	0.00210727969349	0.000449337227589	0.00274984286612	0.00243783520234	0.00959541003067	0.0	0.0031179138322	0.00163324562199	0.000758560901604	0.0	0.0	0.000591424346969	0.0	0.0	0.0	0.0
k__Bacteria;p__Firmicutes;c__Bacilli;o__Erysipelotrichales;f__Erysipelotrichaceae	0.0	0.0	0.00010023053022	0.0	0.000184604024368	0.000131648235914	0.0	0.0	4.79662317728e-05	0.0	9.5785440613e-05	0.0	7.85669390321e-05	0.0	0.0	0.0	0.0	0.0	0.0	0.0	0.0	0.0	7.35294117647e-05	0.0	0.0	0.0
k__Bacteria;p__Firmicutes;c__Bacilli;o__Lactobacillales;f__Aerococcaceae	0.0	0.0	0.0	0.0	0.0	0.0	0.0	0.0	4.79662317728e-05	0.0	0.0	0.0	0.0	0.0	0.0	0.0	0.0	0.0	0.0	0.0	0.0	0.0	0.0	0.0	0.0	0.0
k__Bacteria;p__Firmicutes;c__Bacilli;o__Lactobacillales;f__Carnobacteriaceae	0.0	0.0	0.000200461060439	0.000212066588909	0.000276906036552	0.000263296471827	0.0	0.0	4.79662317728e-05	0.0	0.0	0.000112334306897	0.0	0.000121891760117	0.0	0.0	0.000141723356009	9.07358678886e-05	0.0	0.0	0.0	0.0	0.0	0.0	0.0	0.0
k__Bacteria;p__Firmicutes;c__Bacilli;o__Lactobacillales;f__Enterococcaceae	0.0	0.0	0.0	0.000106033294454	9.23020121839e-05	0.0	0.0	0.0	0.0	8.55212520311e-05	0.0	0.0	7.85669390321e-05	0.000243783520234	9.89217528935e-05	0.0	0.0	9.07358678886e-05	0.0	0.0	0.0	0.0	0.0	0.0	0.0	0.0
k__Bacteria;p__Firmicutes;c__Bacilli;o__Lactobacillales;f__Lactobacillaceae	0.0	0.0	0.0	0.0	0.0	0.0	0.0	0.000124797204543	0.0	0.0	0.0	0.000112334306897	0.0	0.0	0.0	0.0	0.0	0.0	0.0	0.0	0.0	0.0	0.0	0.0	0.0	0.0
k__Bacteria;p__Firmicutes;c__Clostridia;o__1B07;f__	0.0	0.0	0.000601383181317	0.0	0.000276906036552	0.0	0.0	0.0	0.0	0.0	9.5785440613e-05	0.0	0.000157133878064	0.0	0.0	0.0	0.000141723356009	0.0	0.0	0.0	0.0	0.0	0.0	0.0	0.0	0.0
k__Bacteria;p__Firmicutes;c__Clostridia;o__BSA2B-08;f__	0.0	0.0	0.0	0.0	0.0	0.0	0.0	0.0	4.79662317728e-05	0.0	0.0	0.0	0.0	0.0	0.000197843505787	0.0	0.0	0.0	0.0	0.0	0.0	0.0	0.0	0.0	0.0	0.0
k__Bacteria;p__Firmicutes;c__Clostridia;o__Clostridiales;f__	0.0	0.0	0.00010023053022	0.000212066588909	0.000553812073103	0.000131648235914	0.0	0.000249594409085	0.000143898695318	0.000171042504062	0.000383141762452	0.000112334306897	0.000314267756128	0.000365675280351	0.00029676525868	0.0	0.000283446712018	9.07358678886e-05	0.0	0.0	0.0	0.0	0.0	0.0	0.0	0.0
k__Bacteria;p__Firmicutes;c__Clostridia;o__Clostridiales;f__Clostridiaceae	0.0	0.000182282172803	0.000701613711537	0.000848266355636	0.00203064426805	0.00157977883096	5.14615067929e-05	0.000998377636341	0.00187068303914	0.00196698879672	0.0014367816092	0.000561671534487	0.00180703959774	0.00134080936129	0.00197843505787	0.000115942028986	0.00127551020408	0.00163324562199	0.000325097529259	0.0	0.0	0.0	7.35294117647e-05	0.0	0.0	0.0
k__Bacteria;p__Firmicutes;c__Clostridia;o__Clostridiales;f__Clostridiales Family XI. Incertae Sedis	0.0	0.0	0.000400922120878	0.000106033294454	0.000553812073103	0.000789889415482	0.000102923013586	0.00049918881817	0.000863392171911	0.000342085008125	0.000383141762452	0.000337002920692	0.000157133878064	0.000243783520234	0.000494608764467	0.0	0.000708616780045	0.000272207603666	0.000325097529259	8.69867780097e-05	8.19403474271e-05	0.0	0.000147058823529	0.0	0.0	0.0
k__Bacteria;p__Firmicutes;c__Clostridia;o__Clostridiales;f__Lachnospiraceae	0.0	0.0	0.000501152651098	0.000318099883363	0.000184604024368	0.000394944707741	0.0	0.000374391613628	0.00033576362241	0.000256563756093	0.00114942528736	0.0	0.000235700817096	0.000365675280351	0.00029676525868	0.0	0.000566893424036	0.000181471735777	0.000108365843086	0.0	0.0	9.85707244948e-05	0.0	0.0	0.0	0.0
k__Bacteria;p__Firmicutes;c__Clostridia;o__Clostridiales;f__Peptococcaceae	0.0	0.000364564345607	0.000300691590659	0.000106033294454	0.000369208048735	0.000789889415482	0.0	0.0	0.000143898695318	0.000256563756093	0.000383141762452	0.000337002920692	0.000549968573224	0.000365675280351	9.89217528935e-05	0.0	0.000992063492063	9.07358678886e-05	0.0	0.0	0.0	0.0	0.0	0.0	0.0	0.0
k__Bacteria;p__Firmicutes;c__Clostridia;o__Clostridiales;f__Ruminococcaceae	0.0	0.0	0.00010023053022	0.000212066588909	0.000276906036552	0.0	0.0	0.000124797204543	0.0	0.000171042504062	9.5785440613e-05	0.0	0.000157133878064	0.000121891760117	0.000197843505787	0.0	0.0	0.0	0.0	0.0	0.0	0.0	0.0	0.0	0.0	0.0
k__Bacteria;p__Firmicutes;c__Clostridia;o__Clostridiales;f__Sulfobacillaceae	0.0	0.0	0.0	0.0	0.0	0.0	0.0	0.0	0.0	0.0	0.0	0.0	0.0	0.0	9.89217528935e-05	0.0	0.0	0.0	0.0	0.0	0.0	0.0	0.0	0.0	0.0	0.0
k__Bacteria;p__Firmicutes;c__Clostridia;o__Clostridiales;f__Symbiobacteriaceae	0.0	0.0	0.000400922120878	0.000424133177818	9.23020121839e-05	0.000263296471827	0.0	0.0	0.000287797390637	0.000427606260156	0.000287356321839	0.0	7.85669390321e-05	0.000243783520234	0.000494608764467	0.0	0.000141723356009	9.07358678886e-05	0.000216731686173	0.0	0.0	9.85707244948e-05	7.35294117647e-05	0.0	0.0	0.0
k__Bacteria;p__Firmicutes;c__Clostridia;o__Clostridiales;f__Syntrophomonadaceae	0.0	0.0	0.0	0.0	0.0	0.0	0.0	0.0	0.0	0.0	0.0	0.0	0.0	0.0	0.0	0.0	0.0	9.07358678886e-05	0.0	0.0	0.0	0.0	0.0	0.0	0.0	0.0
k__Bacteria;p__Firmicutes;c__Clostridia;o__Clostridiales;f__Veillonellaceae	0.0	0.0	0.0	0.0	9.23020121839e-05	0.0	0.0	0.0	0.0	0.0	0.0	0.0	0.0	0.000121891760117	0.0	0.0	0.0	0.0	0.0	0.0	0.0	0.0	0.0	0.0	0.0	0.0
k__Bacteria;p__Firmicutes;c__Clostridia;o__Halanaerobiales;f__Halanaerobiaceae	0.0	0.0	0.0	0.000106033294454	9.23020121839e-05	0.0	0.0	0.000124797204543	4.79662317728e-05	0.0	0.0	0.0	0.0	0.0	0.0	0.0	0.000141723356009	0.0	0.0	0.0	0.0	0.0	0.0	0.0	0.0	0.0
k__Bacteria;p__Firmicutes;c__Clostridia;o__MBA08;f__	0.0	0.0	0.0	0.0	9.23020121839e-05	0.0	0.0	0.0	9.59324635457e-05	8.55212520311e-05	9.5785440613e-05	0.0	7.85669390321e-05	0.000121891760117	9.89217528935e-05	0.0	0.0	0.0	0.0	0.0	0.0	0.0	0.0	0.0	0.0	0.0
k__Bacteria;p__Firmicutes;c__Clostridia;o__OPB54;f__	0.0	0.0	0.00010023053022	0.0	0.000276906036552	0.000131648235914	0.0	0.0	0.0	8.55212520311e-05	0.0	0.0	0.0	0.0	0.0	0.0	0.0	9.07358678886e-05	0.0	0.0	0.0	0.0	0.0	0.0	0.0	0.0
k__Bacteria;p__Firmicutes;c__Clostridia;o__TIBE07;f__	0.0	0.0	0.00010023053022	0.0	0.0	0.0	0.0	0.0	0.0	0.0	0.0	0.0	0.0	0.0	0.0	0.0	0.0	0.0	0.0	0.0	0.0	0.0	0.0	0.0	0.0	0.0
k__Bacteria;p__Fusobacteria;c__Fusobacteria (class);o__Fusobacteriales;f__Fusobacteriaceae	0.0	0.0	0.0	0.0	0.0	0.0	0.0	0.0	0.0	0.0	9.5785440613e-05	0.0	0.0	0.0	0.0	0.0	0.0	0.0	0.0	0.0	0.0	0.0	0.0	0.0	0.0	0.0
k__Bacteria;p__Gemmatimonadetes;c__Gemmatimonadetes (class);o__;f__	0.000170692156695	0.000364564345607	0.00380876014834	0.00243876577245	0.00479970463356	0.00421274354924	0.00108069164265	0.00374391613628	0.00422102839601	0.00342085008125	0.0051724137931	0.00685239272074	0.00306411062225	0.00109702584105	0.00346226135127	0.000579710144928	0.00581065759637	0.00136103801833	0.000433463372345	0.0	0.00057358243199	9.85707244948e-05	0.000367647058824	0.0	1.0	0.0
k__Bacteria;p__Gemmatimonadetes;c__Gemmatimonadetes (class);o__Gemmatimonadales;f__	0.000853460783477	0.000911410864017	0.00471083492032	0.00307496553918	0.0034151744508	0.00210637177462	5.14615067929e-05	0.00162236365905	0.00345356868764	0.00829556144702	0.00450191570881	0.00224668613795	0.00345694531741	0.00438810336421	0.00672667919676	0.000347826086957	0.0031179138322	0.00390164231921	0.00108365843086	0.000608907446068	0.000163880694854	0.000591424346969	0.000147058823529	0.0	0.0	0.0
k__Bacteria;p__Gemmatimonadetes;c__Gemmatimonadetes (class);o__Gemmatimonadales;f__Gemmatimonadaceae	0.000170692156695	0.00054684651841	0.00531221810163	0.00190859930018	0.00489200664574	0.00447604002106	0.000617538081515	0.00361911893174	0.00340560245587	0.00299324382109	0.0051724137931	0.0040440350483	0.0039283469516	0.00243783520234	0.00187951330498	0.000463768115942	0.00581065759637	0.00254060430088	0.000325097529259	0.0	0.000409701737135	0.00019714144899	0.000367647058824	0.0	0.0	0.0
k__Bacteria;p__Marine group A;c__;o__;f__	0.0	0.000182282172803	0.0	0.0	0.000184604024368	0.0	5.14615067929e-05	0.0	4.79662317728e-05	0.000171042504062	0.0	0.000112334306897	7.85669390321e-05	0.0	0.0	0.0	0.000141723356009	0.0	0.0	8.69867780097e-05	0.000163880694854	0.0	0.000147058823529	0.0	0.0	0.0
k__Bacteria;p__NKB19;c__;o__;f__	0.0	0.0	0.0	0.0	0.0	0.0	0.0	0.0	4.79662317728e-05	0.0	0.0	0.0	0.0	0.0	0.0	0.0	0.0	0.0	0.0	0.0	0.0	0.0	0.0	0.0	0.0	0.0
k__Bacteria;p__Nitrospirae;c__Nitrospira (class);o__Nitrospirales;f__Nitrospiraceae	8.53460783477e-05	0.000364564345607	0.00170391901373	0.00169653271127	0.00313826841425	0.000526592943655	0.0	0.00112317484088	0.00110322333078	0.00153938253656	0.00134099616858	0.000786340148281	0.00274984286612	0.00134080936129	0.00178059155208	0.0	0.000992063492063	0.00172398148988	0.0	8.69867780097e-05	0.0	0.00019714144899	0.000147058823529	0.0	0.0	0.0
k__Bacteria;p__OP10;c__5B-18;o__;f__	0.0	0.0	0.00010023053022	0.0	0.000184604024368	0.0	0.0	0.0	4.79662317728e-05	0.0	0.0	0.0	0.0	0.0	0.0	0.0	0.0	0.0	0.0	0.0	0.0	0.0	0.0	0.0	0.0	0.0
k__Bacteria;p__OP10;c__CH21;o__;f__	8.53460783477e-05	0.0	0.00010023053022	0.000212066588909	9.23020121839e-05	0.0	0.0	0.0	9.59324635457e-05	0.0	9.5785440613e-05	0.000449337227589	0.0	0.000121891760117	9.89217528935e-05	0.000115942028986	0.000141723356009	0.0	0.0	0.0	0.000163880694854	0.0	7.35294117647e-05	0.0	0.0	0.0
k__Bacteria;p__OP10;c__CL500-48;o__;f__	8.53460783477e-05	0.0	0.0	0.0	0.0	0.0	0.0	0.0	0.0	0.0	0.0	0.0	0.0	0.0	0.0	0.0	0.0	0.0	0.0	0.0	0.0	0.0	0.0	0.0	0.0	0.0
k__Bacteria;p__OP10;c__S1a-1H;o__;f__	0.0	0.0	0.00010023053022	0.0	9.23020121839e-05	0.0	0.0	0.0	4.79662317728e-05	8.55212520311e-05	0.0	0.0	7.85669390321e-05	0.0	9.89217528935e-05	0.0	0.0	0.0	0.0	8.69867780097e-05	0.0	0.0	0.0	0.0	0.0	0.0
k__Bacteria;p__OP11;c__;o__;f__	0.0	0.0	0.0	0.0	0.0	0.0	0.0	0.0	4.79662317728e-05	0.0	9.5785440613e-05	0.0	0.0	0.0	9.89217528935e-05	0.0	0.0	0.0	0.0	0.0	0.0	0.0	0.0	0.0	0.0	0.0
k__Bacteria;p__OP3;c__;o__;f__	0.0	0.0	0.0	0.0	0.0	0.0	0.0	0.0	0.0	0.0	0.0	0.0	0.0	0.0	0.0	0.0	0.000141723356009	0.0	0.0	0.0	0.0	0.0	0.0	0.0	0.0	0.0
k__Bacteria;p__Planctomycetes;c__FFCH393;o__;f__	0.0	0.0	0.0	0.0	0.0	0.000131648235914	0.0	0.0	0.0	0.0	0.0	0.0	0.0	0.0	9.89217528935e-05	0.0	0.000141723356009	9.07358678886e-05	0.0	0.0	0.0	0.0	0.0	0.0	0.0	0.0
k__Bacteria;p__Planctomycetes;c__Phycisphaerae;o__;f__	0.000170692156695	0.0	0.000300691590659	0.000742233061181	0.000646114085287	0.000658241179568	0.000257307533965	0.000249594409085	0.000527628549501	0.000598648764218	0.00105363984674	0.000898674455179	0.000549968573224	0.000731350560702	0.000494608764467	0.0	0.000992063492063	0.000816622810997	0.000108365843086	0.0	0.0	0.0	0.0	0.0	0.0	0.0
k__Bacteria;p__Planctomycetes;c__Phycisphaerae;o__Phycisphaerales;f__	0.0	0.0	0.00010023053022	0.000106033294454	0.0	0.0	0.0	0.0	9.59324635457e-05	0.0	9.5785440613e-05	0.000112334306897	0.0	0.000121891760117	0.0	0.0	0.0	0.0	0.0	0.0	8.19403474271e-05	9.85707244948e-05	0.0	0.0	0.0	0.0
k__Bacteria;p__Planctomycetes;c__Planctomycea;o__Gemmatales;f__Gemmataceae	0.0	0.0	0.000501152651098	0.000318099883363	0.000461510060919	0.000789889415482	5.14615067929e-05	0.0	0.00033576362241	0.000598648764218	0.000478927203065	0.0	0.000157133878064	0.000121891760117	0.000395687011574	0.0	0.000141723356009	0.000362943471554	0.0	8.69867780097e-05	8.19403474271e-05	0.0	0.0	0.0	0.0	0.0
k__Bacteria;p__Planctomycetes;c__Planctomycea;o__Gemmatales;f__Isosphaeraceae	0.000256038235043	0.0	0.000300691590659	0.000636199766727	0.000184604024368	0.000131648235914	0.0	0.000124797204543	0.000191864927091	0.000342085008125	0.000287356321839	0.000112334306897	0.00039283469516	0.000609458800585	0.000197843505787	0.0	0.000141723356009	9.07358678886e-05	0.000108365843086	8.69867780097e-05	0.0	9.85707244948e-05	0.0	0.0	0.0	0.0
k__Bacteria;p__Planctomycetes;c__Planctomycea;o__Pirellulales;f__	0.00162157548861	0.00145825738243	0.00250576325549	0.00296893224472	0.00378438249954	0.00329120589784	0.00164676821737	0.00199675527268	0.00244627782041	0.00324980757718	0.00306513409962	0.00235902044484	0.00282840980515	0.00280351048269	0.000989217528935	0.00139130434783	0.00396825396825	0.00208692496144	0.000975292587776	0.00156576200418	0.0018026876434	0.000788565795959	0.000367647058824	0.0	0.0	0.0
k__Bacteria;p__Planctomycetes;c__Planctomycea;o__Pirellulales;f__Pirellulaceae	0.000426730391738	0.00054684651841	0.00150345795329	0.00169653271127	0.00184604024368	0.00184307530279	0.000102923013586	0.000873580431798	0.00167881811205	0.00205251004875	0.00287356321839	0.00101100876208	0.00149277184161	0.00158459288152	0.00237412206944	0.000231884057971	0.00170068027211	0.00145177388622	0.00086692674469	0.000434933890049	0.000655522779417	0.000295712173484	7.35294117647e-05	0.0	0.0	0.0
k__Bacteria;p__Planctomycetes;c__Planctomycea;o__Planctomycetales;f__Planctomycetaceae	0.000426730391738	0.000364564345607	0.00330760749724	0.00371116530591	0.00415359054827	0.0028962611901	0.000411692054343	0.00274553849994	0.002110514198	0.00213803130078	0.00383141762452	0.00280835767243	0.00400691389063	0.0042662116041	0.00108813928183	0.000463768115942	0.00240929705215	0.00444605752654	0.000541829215431	0.000347947112039	0.000655522779417	0.000492853622474	0.000220588235294	0.0	0.0	0.0
k__Bacteria;p__Planctomycetes;c__agg27;o__CL500-15;f__	0.0	0.0	0.0	0.0	0.0	0.0	0.0	0.0	0.0	0.0	0.0	0.0	7.85669390321e-05	0.0	0.0	0.0	0.000141723356009	0.0	0.0	0.0	0.0	0.0	0.0	0.0	0.0	0.0
k__Bacteria;p__Planctomycetes;c__agg27;o__OM190;f__	0.0	0.0	0.0	0.0	0.0	0.0	0.0	0.0	0.000143898695318	0.0	0.0	0.0	0.0	0.0	0.0	0.0	0.000141723356009	0.0	0.0	0.0	0.0	0.0	0.0	0.0	0.0	0.0
k__Bacteria;p__Proteobacteria;c__Alphaproteobacteria;o__;f__	0.000682768626782	0.00364564345607	0.00952190037085	0.00445339836709	0.00581502676758	0.00263296471827	0.00087484561548	0.00311993011357	0.0093534151957	0.0182160266826	0.0066091954023	0.00494270950348	0.00604965430547	0.00414431984398	0.0178059155208	0.00139130434783	0.00496031746032	0.00372017058343	0.00433463372345	0.000260960334029	0.000491642084562	0.00206998521439	0.00183823529412	0.0	0.0	0.0
k__Bacteria;p__Proteobacteria;c__Alphaproteobacteria;o__Caulobacterales;f__Caulobacteraceae	0.00640095587608	0.0162231133795	0.00531221810163	0.00678613084509	0.00563042274322	0.00539757767246	0.00622684232194	0.00449269936353	0.00738679969302	0.00735482767468	0.00507662835249	0.00662772410694	0.00699245757385	0.0049975621648	0.00593530517361	0.00846376811594	0.00538548752834	0.0063515107522	0.0304508019072	0.00974251913709	0.00450671910849	0.00837851158206	0.0075	0.0	0.0	0.0
k__Bacteria;p__Proteobacteria;c__Alphaproteobacteria;o__Rhizobiales;f__	0.00307245882052	0.00583302952971	0.00902074771976	0.00657406425618	0.00904559719402	0.00855713533439	0.00324207492795	0.00723823786347	0.00642747505756	0.00786795518686	0.00699233716475	0.00561671534487	0.00722815839095	0.00828863968796	0.00791374023148	0.00510144927536	0.00807823129252	0.00798475637419	0.00400953619419	0.00808977035491	0.00843985578499	0.00611138491868	0.00397058823529	0.0	0.0	0.0
k__Bacteria;p__Proteobacteria;c__Alphaproteobacteria;o__Rhizobiales;f__Aurantimonadaceae	0.0	0.0	0.000400922120878	0.000318099883363	0.000184604024368	0.0	5.14615067929e-05	0.0	0.000287797390637	0.000256563756093	0.000191570881226	0.000337002920692	0.000707102451288	0.000487567040468	0.000197843505787	0.0	0.000850340136054	0.000272207603666	0.000108365843086	0.0	0.0	0.0	0.0	0.0	0.0	0.0
k__Bacteria;p__Proteobacteria;c__Alphaproteobacteria;o__Rhizobiales;f__Bartonellaceae	0.0	0.0	0.0	0.0	0.0	0.0	5.14615067929e-05	0.0	0.0	0.0	0.0	0.0	0.0	0.0	0.0	0.000115942028986	0.0	0.0	0.000108365843086	0.0	0.0	9.85707244948e-05	0.000147058823529	0.0	0.0	0.0
k__Bacteria;p__Proteobacteria;c__Alphaproteobacteria;o__Rhizobiales;f__Beijerinckiaceae	0.0	0.0	0.0	0.000636199766727	9.23020121839e-05	0.0	0.0	0.000124797204543	9.59324635457e-05	0.0	0.000191570881226	0.000112334306897	0.000157133878064	0.000243783520234	0.000395687011574	0.0	0.000141723356009	0.000453679339443	0.0	0.0	0.0	0.0	0.0	0.0	0.0	0.0
k__Bacteria;p__Proteobacteria;c__Alphaproteobacteria;o__Rhizobiales;f__Bradyrhizobiaceae	0.00392591960399	0.00729128691214	0.0107246667335	0.0120877955678	0.00673804688942	0.00908372827804	0.00174969123096	0.00611506302259	0.00906561780507	0.00923629521936	0.0110153256705	0.00651538980004	0.00801382778127	0.0099951243296	0.00771589672569	0.00255072463768	0.0077947845805	0.0111605117503	0.00888599913307	0.0098295059151	0.00721075057358	0.00867422375554	0.00183823529412	0.0	0.0	0.0
k__Bacteria;p__Proteobacteria;c__Alphaproteobacteria;o__Rhizobiales;f__Brucellaceae	0.00102415294017	0.011119212541	0.00210484113461	0.00339306542254	0.00110762414621	0.00131648235914	0.00370522848909	0.00461749656808	0.00235034535687	0.00076969126828	0.00114942528736	0.00348236351382	0.0019641734758	0.00353486104339	0.00029676525868	0.00510144927536	0.00113378684807	0.00372017058343	0.0162548764629	0.00191370911621	0.000491642084562	0.0407097092164	0.00536764705882	0.0	0.0	0.0
k__Bacteria;p__Proteobacteria;c__Alphaproteobacteria;o__Rhizobiales;f__Hyphomicrobiaceae	0.0103268754801	0.0382792562887	0.0586348601784	0.0453822500265	0.046704818165	0.0476566614007	0.0217682173734	0.0346936228628	0.0507003069839	0.0553322500641	0.0536398467433	0.036059312514	0.0450188560654	0.0390053632374	0.0466910673657	0.0198260869565	0.0605158730159	0.0355684602123	0.0338101430429	0.0151356993737	0.0233529990167	0.0262198127156	0.0169117647059	0.0	0.0	0.0
k__Bacteria;p__Proteobacteria;c__Alphaproteobacteria;o__Rhizobiales;f__Methylobacteriaceae	0.0	0.0	0.00010023053022	0.0	0.0	0.0	0.0	0.0	4.79662317728e-05	0.000256563756093	9.5785440613e-05	0.000112334306897	0.0	0.000121891760117	0.0	0.0	0.0	0.0	0.0	0.0	0.0	0.0	0.0	0.0	0.0	0.0
k__Bacteria;p__Proteobacteria;c__Alphaproteobacteria;o__Rhizobiales;f__Methylocystaceae	0.00204830588034	0.0052861830113	0.00180414954395	0.00159049941682	0.00203064426805	0.00223802001053	0.00406545903664	0.000873580431798	0.00239831158864	0.0024801163089	0.00134099616858	0.00168501460346	0.00180703959774	0.00219405168211	0.000593530517361	0.00440579710145	0.00141723356009	0.00226839669721	0.00292587776333	0.00165274878219	0.0030317928548	0.00364711680631	0.00139705882353	0.0	0.0	0.0
k__Bacteria;p__Proteobacteria;c__Alphaproteobacteria;o__Rhizobiales;f__Phyllobacteriaceae	0.00332849705556	0.0123951877506	0.0106244362033	0.010497296151	0.00978401329149	0.0104002106372	0.00344792095513	0.00698864345439	0.011607828089	0.0121440177884	0.00996168582375	0.00707706133453	0.0102137020742	0.00950755728913	0.0090018795133	0.00301449275362	0.0121882086168	0.0100716813356	0.0224317295189	0.00374043145442	0.00581776466732	0.0238541153277	0.00301470588235	0.0	0.0	0.0
k__Bacteria;p__Proteobacteria;c__Alphaproteobacteria;o__Rhizobiales;f__Rhizobiaceae	0.039515234275	0.0554137805323	0.0106244362033	0.0135722616902	0.00784567103563	0.00645076355977	0.0416323589955	0.00736303506801	0.00911358403684	0.00701274266655	0.00977011494253	0.00775106717592	0.00911376492772	0.011457825451	0.00435255712731	0.0862608695652	0.00907029478458	0.0142455312585	0.0546163849155	0.127522616562	0.0807931825631	0.0526367668802	0.0736764705882	0.0	0.0	0.0
k__Bacteria;p__Proteobacteria;c__Alphaproteobacteria;o__Rhizobiales;f__Rhodobacteraceae	0.0	0.0	0.00010023053022	0.000106033294454	0.000184604024368	0.0	0.0	0.0	0.0	0.0	9.5785440613e-05	0.0	7.85669390321e-05	0.0	9.89217528935e-05	0.0	0.000283446712018	0.0	0.0	0.0	0.0	0.0	0.0	0.0	0.0	0.0
k__Bacteria;p__Proteobacteria;c__Alphaproteobacteria;o__Rhizobiales;f__Rhodobiaceae	8.53460783477e-05	0.000182282172803	0.000300691590659	0.000212066588909	0.000738416097471	0.000526592943655	5.14615067929e-05	0.000249594409085	0.000143898695318	0.000342085008125	0.000287356321839	0.000786340148281	0.000235700817096	0.000487567040468	0.0	0.0	0.000708616780045	0.00063515107522	0.0	8.69867780097e-05	8.19403474271e-05	9.85707244948e-05	0.0	0.0	0.0	0.0
k__Bacteria;p__Proteobacteria;c__Alphaproteobacteria;o__Rhizobiales;f__Xanthobacteraceae	0.0	0.0	0.000200461060439	0.0	9.23020121839e-05	0.0	0.000102923013586	0.0	4.79662317728e-05	0.000171042504062	0.0	0.0	0.000157133878064	0.000121891760117	9.89217528935e-05	0.000463768115942	0.0	9.07358678886e-05	0.0	0.000434933890049	0.0	0.0	0.000514705882353	0.0	0.0	0.0
k__Bacteria;p__Proteobacteria;c__Alphaproteobacteria;o__Rhodobacterales;f__	0.0	0.0	0.0	0.0	0.0	0.0	0.000411692054343	0.0	4.79662317728e-05	0.0	0.0	0.000112334306897	0.0	0.0	0.0	0.000231884057971	0.0	0.0	0.0	0.0	0.0	0.0	7.35294117647e-05	0.0	0.0	0.0
k__Bacteria;p__Proteobacteria;c__Alphaproteobacteria;o__Rhodobacterales;f__Hyphomonadaceae	0.0017922676453	0.00054684651841	0.00180414954395	0.00106033294454	0.00175373823149	0.00236966824645	0.00339645944833	0.00411830774991	0.00206254796623	0.00076969126828	0.0022030651341	0.00247135475174	0.000785669390321	0.000609458800585	0.000494608764467	0.00405797101449	0.0015589569161	0.00181471735777	0.000325097529259	0.000869867780097	0.00327761389708	9.85707244948e-05	0.00125	0.0	0.0	0.0
k__Bacteria;p__Proteobacteria;c__Alphaproteobacteria;o__Rhodobacterales;f__Rhodobacteraceae	0.00384057352565	0.00273423259205	0.00581337075273	0.0095429965009	0.00507661067011	0.00566087414429	0.00375668999588	0.0128541120679	0.00637950882579	0.00299324382109	0.00545977011494	0.0116827679173	0.00463544940289	0.00901999024866	0.00356118310416	0.00359420289855	0.00694444444444	0.010616096543	0.000975292587776	0.0262700069589	0.0144215011472	0.00305569245934	0.00257352941176	0.0	0.0	0.0
k__Bacteria;p__Proteobacteria;c__Alphaproteobacteria;o__Rhodospirillales;f__Acetobacteraceae	8.53460783477e-05	0.0	0.000801844241756	0.00127239953345	0.000923020121839	0.000789889415482	5.14615067929e-05	0.000249594409085	0.000719493476592	0.00076969126828	0.000766283524904	0.000112334306897	0.00102137020742	0.0014627011214	0.000494608764467	0.0	0.000566893424036	0.000362943471554	0.0	8.69867780097e-05	0.000163880694854	0.000394282897979	7.35294117647e-05	0.0	0.0	0.0
k__Bacteria;p__Proteobacteria;c__Alphaproteobacteria;o__Rhodospirillales;f__Rhodospirillaceae	0.0180933686097	0.0227852716004	0.0238548661922	0.0167532605238	0.0208602547536	0.0175092153765	0.0396768217373	0.0118557344315	0.0264773599386	0.0299324382109	0.023275862069	0.0161761401932	0.0181489629164	0.0123110677718	0.0249282817292	0.0500869565217	0.0229591836735	0.013065964976	0.0267663632423	0.0186151704941	0.0201573254671	0.0206012814194	0.0697058823529	1.0	0.0	0.0
k__Bacteria;p__Proteobacteria;c__Alphaproteobacteria;o__Rickettsiales;f__	0.0	0.000364564345607	0.000300691590659	0.000212066588909	0.000646114085287	0.000263296471827	5.14615067929e-05	0.000374391613628	0.000815425940138	0.000513127512187	0.000574712643678	0.000224668613795	0.00039283469516	0.000487567040468	9.89217528935e-05	0.000115942028986	0.000566893424036	0.000544415207331	0.000108365843086	0.0	0.000409701737135	9.85707244948e-05	0.000147058823529	0.0	0.0	0.0
k__Bacteria;p__Proteobacteria;c__Alphaproteobacteria;o__Rickettsiales;f__Rickettsiaceae	0.0	0.000364564345607	0.0	0.0	0.0	0.000131648235914	0.0	0.0	4.79662317728e-05	0.0	9.5785440613e-05	0.0	0.000157133878064	0.0	0.0	0.0	0.000141723356009	0.0	0.000108365843086	0.0	0.0	9.85707244948e-05	0.0	0.0	0.0	0.0
k__Bacteria;p__Proteobacteria;c__Alphaproteobacteria;o__Sphingomonadales;f__	0.00546214901425	0.00637987604812	0.0159366543049	0.017495493585	0.0149529259738	0.0140863612428	0.0201729106628	0.0124797204543	0.0118956254797	0.013768921577	0.0142720306513	0.0183104920243	0.0145348837209	0.0158459288152	0.012068453853	0.0165797101449	0.0181405895692	0.0148806823337	0.00726051148678	0.00495824634656	0.00614552605703	0.0104484967965	0.0217647058824	0.0	0.0	0.0
k__Bacteria;p__Proteobacteria;c__Alphaproteobacteria;o__Sphingomonadales;f__Erythrobacteraceae	0.000170692156695	0.00127597520962	0.00340783802746	0.00212066588909	0.00119992615839	0.000921537651395	0.00164676821737	0.00212155247722	0.00201458173446	0.00230907380484	0.00124521072797	0.00112334306897	0.0019641734758	0.00158459288152	0.00326441784548	0.000579710144928	0.00184240362812	0.00181471735777	0.000541829215431	0.000173973556019	8.19403474271e-05	0.000394282897979	0.00125	0.0	0.0	0.0
k__Bacteria;p__Proteobacteria;c__Alphaproteobacteria;o__Sphingomonadales;f__Sphingomonadaceae	0.0234701715456	0.0253372220197	0.0596371654806	0.0481391156823	0.0541812811519	0.048841495524	0.0118876080692	0.0522900287034	0.029978894858	0.052167963739	0.0367816091954	0.0522354527073	0.0719673161534	0.0513164310093	0.0374913443466	0.0121739130435	0.0551303854875	0.0506306142818	0.0348938014738	0.0132219902575	0.0191740412979	0.0360768851651	0.0105147058824	0.0	0.0	0.0
k__Bacteria;p__Proteobacteria;c__Betaproteobacteria;o__;f__	8.53460783477e-05	0.000364564345607	0.00631452340383	0.00402926518927	0.00636883884069	0.00618746708794	0.000102923013586	0.00349432172719	0.0054681504221	0.00513127512187	0.00708812260536	0.0040440350483	0.00777812696417	0.0049975621648	0.00504500939757	0.000231884057971	0.00481859410431	0.00444605752654	0.000325097529259	0.0	0.000327761389708	0.000492853622474	0.000147058823529	0.0	0.0	0.0
k__Bacteria;p__Proteobacteria;c__Betaproteobacteria;o__Burkholderiales;f__	0.00119484509687	0.00437477214728	0.00531221810163	0.00307496553918	0.00766106701126	0.00750394944708	0.00252161383285	0.00648945463622	0.00537221795856	0.00265115881297	0.00431034482759	0.00662772410694	0.00447831552483	0.00316918576304	0.00257196557523	0.00139130434783	0.00793650793651	0.00381090645132	0.00184221933247	0.00208768267223	0.00319567354966	0.00137999014293	0.000882352941176	0.0	0.0	0.0
k__Bacteria;p__Proteobacteria;c__Betaproteobacteria;o__Burkholderiales;f__Alcaligenaceae	0.0352479303576	0.011119212541	0.0122281246868	0.0173894602905	0.00803027506	0.00526592943655	0.0363318237958	0.00898539872707	0.00820222563315	0.00530231762593	0.0112068965517	0.0107840934621	0.0063639220616	0.0160897123354	0.00652883569097	0.032	0.00836167800454	0.0124308139007	0.0307758994365	0.071503131524	0.0421992789249	0.0732380482997	0.0377941176471	0.0	0.0	0.0
k__Bacteria;p__Proteobacteria;c__Betaproteobacteria;o__Burkholderiales;f__Burkholderiaceae	0.000341384313391	0.000364564345607	0.00190438007417	0.00212066588909	0.00110762414621	0.00144813059505	0.000668999588308	0.000873580431798	0.001055257099	0.00128281878047	0.00210727969349	0.00112334306897	0.00125707102451	0.00207215992199	0.00118706103472	0.000231884057971	0.00113378684807	0.00127030215044	0.000541829215431	0.000347947112039	0.000491642084562	0.000394282897979	0.00176470588235	0.0	0.0	0.0
k__Bacteria;p__Proteobacteria;c__Betaproteobacteria;o__Burkholderiales;f__Comamonadaceae	0.00136553725356	0.00291651476486	0.00882028665932	0.00964902979536	0.00618423481632	0.00908372827804	0.00977768629065	0.0121053288406	0.00700306983883	0.00496023261781	0.00708812260536	0.00966075039317	0.00754242614708	0.00767918088737	0.00544069640914	0.0108985507246	0.00708616780045	0.00762181290264	0.00444299956654	0.00234864300626	0.00237627007539	0.00857565303105	0.0202205882353	0.0	0.0	0.0
k__Bacteria;p__Proteobacteria;c__Betaproteobacteria;o__Burkholderiales;f__Oxalobacteraceae	0.0884185371682	0.0481224936201	0.00631452340383	0.00339306542254	0.00369208048735	0.00460768825698	0.119081926719	0.0170972170223	0.00268610897928	0.00179594629265	0.00622605363985	0.00696472702763	0.00620678818353	0.00706972208679	0.00227520031655	0.102608695652	0.00765306122449	0.00562562380909	0.076614651062	0.0941196938065	0.12356604392	0.136027599803	0.0733088235294	0.0	0.0	0.0
k__Bacteria;p__Proteobacteria;c__Betaproteobacteria;o__Gallionellales;f__Gallionellaceae	0.0	0.000182282172803	0.0	0.0	0.0	0.0	0.0	0.0	0.0	0.0	0.0	0.0	0.0	0.0	0.0	0.0	0.0	0.0	0.0	0.0	0.0	0.0	0.0	0.0	0.0	0.0
k__Bacteria;p__Proteobacteria;c__Betaproteobacteria;o__Hydrogenophilales;f__Hydrogenophilaceae	0.0	0.0	0.00010023053022	0.0	0.0	0.0	0.0	0.0	0.0	0.0	0.0	0.0	0.0	0.0	0.0	0.0	0.0	0.0	0.0	0.0	0.0	0.0	0.0	0.0	0.0	0.0
k__Bacteria;p__Proteobacteria;c__Betaproteobacteria;o__Methylophilales;f__	0.000341384313391	0.0	0.000200461060439	0.000106033294454	9.23020121839e-05	0.000263296471827	0.0	0.0	0.0	0.000171042504062	0.000191570881226	0.000674005841384	7.85669390321e-05	0.000121891760117	0.000197843505787	0.000115942028986	0.000141723356009	0.000272207603666	0.0	0.0	0.000163880694854	9.85707244948e-05	0.0	0.0	0.0	0.0
k__Bacteria;p__Proteobacteria;c__Betaproteobacteria;o__Methylophilales;f__Methylophilaceae	0.0480498421098	0.00947867298578	0.00200461060439	0.00371116530591	0.00369208048735	0.0038177988415	0.142445450803	0.0193435667041	0.00345356868764	0.00196698879672	0.0036398467433	0.0083127387104	0.00447831552483	0.00377864456363	0.00237412206944	0.109449275362	0.0031179138322	0.00462752926232	0.00617685305592	0.0542797494781	0.025893149787	0.00354854608181	0.175514705882	0.0	0.0	0.0
k__Bacteria;p__Proteobacteria;c__Betaproteobacteria;o__Nitrosomonadales;f__Nitrosomonadaceae	0.000426730391738	0.000729128691214	0.00481106545054	0.00381719860036	0.00553812073103	0.00539757767246	0.000257307533965	0.00486709097716	0.00369339984651	0.00419054134953	0.00488505747126	0.00561671534487	0.00479258328096	0.00621647976597	0.0045504006331	0.000115942028986	0.00481859410431	0.00816622810997	0.00162548764629	0.000260960334029	0.0	0.0	0.000220588235294	0.0	0.0	0.0
k__Bacteria;p__Proteobacteria;c__Betaproteobacteria;o__Procabacteriales;f__Procabacteriaceae	0.0	0.0	0.0	0.0	0.0	0.0	0.0	0.0	0.0	0.0	0.0	0.0	0.0	0.000121891760117	0.0	0.0	0.0	0.0	0.0	0.0	0.0	0.0	0.0	0.0	0.0	0.0
k__Bacteria;p__Proteobacteria;c__Betaproteobacteria;o__Rhodocyclales;f__	0.00110949901852	0.00492161866569	0.0189435702115	0.00827059696745	0.0236293151191	0.018299104792	0.00257307533965	0.0111069512043	0.0144858019954	0.0171897716583	0.0205938697318	0.0168501460346	0.01704902577	0.00828863968796	0.0163220892274	0.00208695652174	0.0188492063492	0.0115234552218	0.00303424360642	0.00139178844816	0.00516224188791	0.00285855101035	0.00102941176471	0.0	0.0	0.0
k__Bacteria;p__Proteobacteria;c__Betaproteobacteria;o__Rhodocyclales;f__Rhodocyclaceae	0.000256038235043	0.000182282172803	0.000501152651098	0.000212066588909	0.000369208048735	0.000394944707741	0.000257307533965	0.000374391613628	0.00033576362241	0.000513127512187	0.000191570881226	0.000337002920692	0.000628535512256	0.000487567040468	0.000395687011574	0.000231884057971	0.000708616780045	0.000181471735777	0.00162548764629	0.000260960334029	0.000327761389708	0.00394282897979	7.35294117647e-05	0.0	0.0	0.0
k__Bacteria;p__Proteobacteria;c__Deltaproteobacteria;o__;f__	0.0	0.000182282172803	0.00010023053022	0.000424133177818	0.000184604024368	0.000131648235914	0.0	0.0	0.000143898695318	0.0	0.000191570881226	0.000224668613795	0.000235700817096	0.0	9.89217528935e-05	0.000115942028986	0.000141723356009	0.000272207603666	0.0	0.0	0.0	9.85707244948e-05	0.000147058823529	0.0	0.0	0.0
k__Bacteria;p__Proteobacteria;c__Deltaproteobacteria;o__Bdellovibrionales;f__Bacteriovoracaceae	8.53460783477e-05	0.0	0.000902074771976	0.000742233061181	0.000276906036552	0.000921537651395	0.000617538081515	0.00049918881817	0.000287797390637	0.000171042504062	0.000478927203065	0.000561671534487	0.00141420490258	0.000121891760117	0.0	0.000811594202899	0.000708616780045	0.000272207603666	0.0	0.000173973556019	0.0	0.0	0.00316176470588	0.0	0.0	0.0
k__Bacteria;p__Proteobacteria;c__Deltaproteobacteria;o__Bdellovibrionales;f__Bdellovibrionaceae	8.53460783477e-05	0.0	0.000300691590659	0.000742233061181	0.000369208048735	0.000789889415482	0.0	0.00049918881817	0.000239831158864	0.000598648764218	0.000862068965517	0.000449337227589	0.00039283469516	0.000487567040468	0.000494608764467	0.0	0.000425170068027	0.000362943471554	0.0	0.0	8.19403474271e-05	9.85707244948e-05	0.0	0.0	0.0	0.0
k__Bacteria;p__Proteobacteria;c__Deltaproteobacteria;o__CTD005-82B-02;f__	0.0	0.0	0.0	0.0	0.0	0.0	0.0	0.0	0.0	0.0	0.0	0.0	7.85669390321e-05	0.0	0.0	0.0	0.0	0.0	0.0	0.0	0.0	0.0	0.0	0.0	0.0	0.0
k__Bacteria;p__Proteobacteria;c__Deltaproteobacteria;o__Entotheonellales;f__Entotheonellaceae	0.0	0.000182282172803	0.00010023053022	0.000106033294454	0.000369208048735	0.000131648235914	0.0	0.000374391613628	0.0	0.0	0.0	0.0	0.000235700817096	0.0	0.0	0.0	0.0	0.0	0.0	0.0	0.0	0.0	0.0	0.0	0.0	0.0
k__Bacteria;p__Proteobacteria;c__Deltaproteobacteria;o__MIZ46;f__	0.0	0.0	0.00010023053022	0.000424133177818	0.000369208048735	0.000263296471827	0.0	0.0	0.000383729854183	0.000940733772342	0.000574712643678	0.000337002920692	0.00039283469516	0.000243783520234	0.000791374023148	0.000115942028986	0.0	0.000362943471554	0.000325097529259	0.0	0.0	0.0	0.0	0.0	0.0	0.0
k__Bacteria;p__Proteobacteria;c__Deltaproteobacteria;o__Myxococcales;f__	0.0110949901852	0.00619759387532	0.0116267415055	0.0134662283957	0.012553073657	0.0169826224329	0.00756484149856	0.0116061400225	0.0193783576362	0.0117164115283	0.0130268199234	0.0133677825208	0.0113922061596	0.00926377376889	0.0116727668414	0.00602898550725	0.0147392290249	0.0107068324109	0.00260078023407	0.00208768267223	0.00737463126844	0.00226712666338	0.00279411764706	0.0	0.0	0.0
k__Bacteria;p__Proteobacteria;c__Deltaproteobacteria;o__Myxococcales;f__Cystobacteraceae	0.000256038235043	0.000364564345607	0.0031071464368	0.00614993107836	0.00507661067011	0.00829383886256	0.0	0.00299513290902	0.00067152724482	0.000684170016249	0.00402298850575	0.00337002920692	0.00479258328096	0.0126767430522	0.000593530517361	0.0	0.0062358276644	0.00526268033754	0.0	8.69867780097e-05	0.0	9.85707244948e-05	0.000147058823529	0.0	0.0	0.0
k__Bacteria;p__Proteobacteria;c__Deltaproteobacteria;o__Myxococcales;f__Haliangiaceae	0.00110949901852	0.0184104994532	0.00541244863185	0.00668009755063	0.00710725493816	0.00763559768299	0.00421984355702	0.00648945463622	0.0155410590944	0.00572992388609	0.00593869731801	0.00909907885868	0.00565681961031	0.00633837152608	0.00613314867939	0.00428985507246	0.00736961451247	0.00499047273387	0.00444299956654	0.000521920668058	0.00188462799082	0.00236569738788	0.00139705882353	0.0	0.0	0.0
k__Bacteria;p__Proteobacteria;c__Deltaproteobacteria;o__Myxococcales;f__Myxococcaceae	0.0	0.000182282172803	0.000601383181317	0.00127239953345	0.000369208048735	0.000658241179568	0.0	0.000374391613628	0.000239831158864	0.000855212520311	0.000766283524904	0.000786340148281	0.000864236329353	0.000731350560702	9.89217528935e-05	0.0	0.000708616780045	0.00063515107522	0.0	0.0	0.0	9.85707244948e-05	0.0	0.0	0.0	0.0
k__Bacteria;p__Proteobacteria;c__Deltaproteobacteria;o__Myxococcales;f__Nannocystaceae	0.000341384313391	0.000364564345607	0.00240553272527	0.00339306542254	0.00221524829241	0.00236966824645	0.000411692054343	0.00212155247722	0.00182271680737	0.0024801163089	0.00268199233716	0.00179734891036	0.00204274041483	0.00304729400293	0.00207735681076	0.000115942028986	0.00340136054422	0.00217766082933	0.000325097529259	0.0	0.000327761389708	0.000394282897979	0.000147058823529	0.0	0.0	0.0
k__Bacteria;p__Proteobacteria;c__Deltaproteobacteria;o__Myxococcales;f__Polyangiaceae	0.0	0.000364564345607	0.000902074771976	0.000318099883363	0.000461510060919	0.000789889415482	0.0	0.000623986022713	0.00100729086723	0.00162490378859	0.000766283524904	0.000337002920692	0.000628535512256	0.000121891760117	0.000395687011574	0.0	0.000850340136054	0.000725886943109	0.0	0.0	0.0	9.85707244948e-05	0.0	0.0	0.0	0.0
k__Bacteria;p__Proteobacteria;c__Deltaproteobacteria;o__NB1-j;f__	0.0	0.0	0.0	0.0	0.0	0.000131648235914	0.0	0.0	4.79662317728e-05	0.0	0.0	0.0	0.0	0.0	0.0	0.0	0.0	0.0	0.0	0.0	0.0	0.0	0.0	0.0	0.0	0.0
k__Bacteria;p__Proteobacteria;c__Deltaproteobacteria;o__Syntrophobacterales;f__Syntrophaceae	0.0	0.0	0.00010023053022	0.0	0.0	0.0	0.0	0.0	0.0	0.0	0.0	0.0	0.0	0.0	0.0	0.0	0.0	0.0	0.0	0.0	0.0	0.0	0.0	0.0	0.0	0.0
k__Bacteria;p__Proteobacteria;c__Deltaproteobacteria;o__Syntrophobacterales;f__Syntrophobacteraceae	0.000170692156695	0.000364564345607	0.0104239751428	0.00148446612236	0.0127376776814	0.00566087414429	0.000514615067929	0.00549107699988	0.0023023791251	0.00410502009749	0.00852490421456	0.00662772410694	0.0102922690132	0.00511945392491	0.0029676525868	0.000463768115942	0.00481859410431	0.00390164231921	0.000108365843086	0.000260960334029	0.000327761389708	0.000295712173484	0.000147058823529	0.0	0.0	0.0
k__Bacteria;p__Proteobacteria;c__Gammaproteobacteria;o__;f__	0.0	0.0	0.0	0.0	0.0	0.0	0.0	0.0	0.0	0.0	0.0	0.0	7.85669390321e-05	0.000121891760117	9.89217528935e-05	0.0	0.000141723356009	0.0	0.0	0.0	0.0	0.0	0.000294117647059	0.0	0.0	0.0
k__Bacteria;p__Proteobacteria;c__Gammaproteobacteria;o__Aeromonadales;f__Aeromonadaceae	0.0	0.0	0.0	0.0	0.0	0.0	0.0	0.0	4.79662317728e-05	0.0	9.5785440613e-05	0.0	0.0	0.0	9.89217528935e-05	0.0	0.0	0.0	0.0	0.0	0.0	0.0	0.0	0.0	0.0	0.0
k__Bacteria;p__Proteobacteria;c__Gammaproteobacteria;o__Alteromonadales;f__Chromatiaceae	0.00810787744303	0.000911410864017	0.00220507166483	0.000106033294454	0.000553812073103	0.000658241179568	0.0239810621655	0.00199675527268	0.000431696085955	8.55212520311e-05	0.00114942528736	0.000449337227589	0.000628535512256	0.000609458800585	9.89217528935e-05	0.039884057971	0.000141723356009	0.00127030215044	0.0	0.00643702157272	0.0018026876434	0.0	0.0510294117647	0.0	0.0	0.0
k__Bacteria;p__Proteobacteria;c__Gammaproteobacteria;o__Alteromonadales;f__Idiomarinaceae	0.0	0.0	0.0	0.000106033294454	0.0	0.0	0.0	0.0	0.0	0.0	0.0	0.0	7.85669390321e-05	0.0	0.0	0.0	0.0	0.0	0.0	0.0	0.0	0.0	0.0	0.0	0.0	0.0
k__Bacteria;p__Proteobacteria;c__Gammaproteobacteria;o__Chromatiales;f__	0.0	0.000364564345607	0.00120276636263	0.000212066588909	0.000738416097471	0.00276461295419	0.000205846027172	0.00137276924997	0.00033576362241	0.00205251004875	0.00172413793103	0.00134801168277	0.0021998742929	0.000731350560702	0.00395687011574	0.000231884057971	0.00198412698413	0.000544415207331	0.000108365843086	0.0	8.19403474271e-05	0.0	0.0	0.0	0.0	0.0
k__Bacteria;p__Proteobacteria;c__Gammaproteobacteria;o__Chromatiales;f__Chromatiaceae	0.0	0.0	0.0	0.0	9.23020121839e-05	0.0	5.14615067929e-05	0.0	4.79662317728e-05	0.0	9.5785440613e-05	0.0	7.85669390321e-05	0.0	0.0	0.0	0.000141723356009	9.07358678886e-05	0.0	0.0	0.0	0.0	0.0	0.0	0.0	0.0
k__Bacteria;p__Proteobacteria;c__Gammaproteobacteria;o__Chromatiales;f__Ectothiorhodospiraceae	0.0	0.0	0.0	0.0	0.0	0.0	0.0	0.0	0.0	0.0	0.0	0.0	0.0	0.0	0.0	0.0	0.0	0.000272207603666	0.0	0.0	0.0	0.0	0.0	0.0	0.0	0.0
k__Bacteria;p__Proteobacteria;c__Gammaproteobacteria;o__Chromatiales;f__Sinobacteraceae	0.00802253136468	0.0410134888808	0.109251277939	0.0401866185982	0.0801181465756	0.0688520273828	0.0184232194319	0.0621490078622	0.0952129700691	0.0846660395108	0.104885057471	0.0586385082004	0.0986015084852	0.0443686006826	0.0823028984074	0.0112463768116	0.0763888888889	0.0406496688141	0.0227568270481	0.00469728601253	0.00958702064897	0.0147856086742	0.00669117647059	0.0	0.0	0.0
k__Bacteria;p__Proteobacteria;c__Gammaproteobacteria;o__Enterobacteriales;f__Enterobacteriaceae	0.00921737646155	0.00455705432009	0.00531221810163	0.0112395292122	0.00212294628023	0.000263296471827	0.00247015232606	0.00736303506801	0.00374136607828	0.000684170016249	0.0014367816092	0.0119074365311	0.00141420490258	0.0234032179425	0.000989217528935	0.000463768115942	0.0015589569161	0.0146084747301	0.0031426094495	0.0696764091858	0.0586692887578	0.0146870379497	0.00213235294118	0.0	0.0	0.0
k__Bacteria;p__Proteobacteria;c__Gammaproteobacteria;o__Legionellales;f__	0.0	0.0	0.0	0.0	0.0	0.0	0.0	0.0	0.0	0.0	0.0	0.0	0.0	0.000121891760117	0.0	0.0	0.0	0.0	0.0	0.0	0.0	0.0	0.0	0.0	0.0	0.0
k__Bacteria;p__Proteobacteria;c__Gammaproteobacteria;o__Legionellales;f__Coxiellaceae	0.00110949901852	0.00346336128327	0.008218903478	0.002332732478	0.00258445634115	0.0028962611901	0.000308769040758	0.00399351054536	0.00407712970069	0.00812451894296	0.00383141762452	0.00258368905864	0.00502828409805	0.00621647976597	0.012958749629	0.000463768115942	0.00283446712018	0.00326649124399	0.00780234070221	0.000173973556019	0.000327761389708	0.00532281912272	0.000220588235294	0.0	0.0	0.0
k__Bacteria;p__Proteobacteria;c__Gammaproteobacteria;o__Legionellales;f__Legionellaceae	0.000341384313391	0.000182282172803	0.000300691590659	0.000106033294454	0.000276906036552	0.000131648235914	0.0	0.0	0.000575594781274	0.000342085008125	0.000383141762452	0.000224668613795	0.00039283469516	0.000487567040468	0.000890295776041	0.0	0.000141723356009	0.000181471735777	0.000325097529259	0.000260960334029	0.0	0.000394282897979	0.0	0.0	0.0	0.0
k__Bacteria;p__Proteobacteria;c__Gammaproteobacteria;o__Methylococcales;f__	0.0	0.0	0.00010023053022	0.000106033294454	9.23020121839e-05	0.0	0.0	0.0	0.0	0.0	0.0	0.0	0.0	0.000121891760117	0.0	0.0	0.0	0.0	0.0	0.0	0.0	0.0	0.0	0.0	0.0	0.0
k__Bacteria;p__Proteobacteria;c__Gammaproteobacteria;o__Methylococcales;f__Methylococcaceae	0.0	0.000182282172803	0.000300691590659	0.000636199766727	0.000738416097471	0.000526592943655	0.0	0.000374391613628	0.000143898695318	0.0	0.000574712643678	0.000112334306897	0.000235700817096	0.000731350560702	0.00029676525868	0.000115942028986	0.000850340136054	0.000272207603666	0.0	0.0	0.0	0.0	0.0	0.0	0.0	0.0
k__Bacteria;p__Proteobacteria;c__Gammaproteobacteria;o__Oceanospirillales;f__	0.00110949901852	0.00291651476486	0.00801844241756	0.00339306542254	0.0123684696326	0.0119799894681	0.00813091807328	0.0134780980906	0.00585188027629	0.00504575386984	0.00977011494253	0.0140417883622	0.00934946574481	0.00438810336421	0.0029676525868	0.0150724637681	0.0117630385488	0.00671445422375	0.00162548764629	0.000695894224078	0.0048344804982	0.00266140956136	0.00838235294118	0.0	0.0	0.0
k__Bacteria;p__Proteobacteria;c__Gammaproteobacteria;o__Oceanospirillales;f__Alcanivoracaceae	0.00119484509687	0.000182282172803	0.000701613711537	0.000106033294454	0.000738416097471	0.000131648235914	0.00720461095101	0.000873580431798	0.000239831158864	8.55212520311e-05	0.000574712643678	0.000337002920692	0.000314267756128	0.00121891760117	0.0	0.00185507246377	0.000283446712018	0.00154250975411	0.0	0.000347947112039	0.00155686660111	0.0	0.000882352941176	0.0	0.0	0.0
k__Bacteria;p__Proteobacteria;c__Gammaproteobacteria;o__Oceanospirillales;f__Alteromonadaceae	0.0	0.0	0.000200461060439	0.000318099883363	0.00175373823149	0.0019747235387	0.000154384520379	0.00386871334082	9.59324635457e-05	0.0	9.5785440613e-05	0.00348236351382	0.000157133878064	0.000243783520234	0.00029676525868	0.000463768115942	0.000850340136054	0.0	0.0	0.0	0.0	0.0	0.000294117647059	0.0	0.0	0.0
k__Bacteria;p__Proteobacteria;c__Gammaproteobacteria;o__Oceanospirillales;f__Halomonadaceae	0.000341384313391	0.00054684651841	0.00190438007417	0.00975506308981	0.00156913420713	0.00184307530279	0.00355084396871	0.0617746162486	0.00455679201842	0.0	0.0022030651341	0.0452707256796	0.000628535512256	0.011457825451	9.89217528935e-05	0.00185507246377	0.000283446712018	0.00535341620543	0.000541829215431	0.000608907446068	0.000819403474271	0.00019714144899	0.000661764705882	0.0	0.0	0.0
k__Bacteria;p__Proteobacteria;c__Gammaproteobacteria;o__Oceanospirillales;f__Pseudomonadaceae	0.439873687804	0.230951512942	0.0207477197554	0.0451701834376	0.0295366438988	0.0355450236967	0.190664882668	0.11456383377	0.0332405986186	0.016505601642	0.0240421455939	0.0825657155695	0.0137492143306	0.0613115553389	0.0138490454051	0.16568115942	0.0352891156463	0.0579802195808	0.0474642392718	0.182150313152	0.193788921665	0.0385411532775	0.194191176471	0.0	0.0	0.0
k__Bacteria;p__Proteobacteria;c__Gammaproteobacteria;o__Oceanospirillales;f__Saccharospirillaceae	0.0	0.0	0.0	0.0	0.000276906036552	0.0	0.0021613832853	0.000249594409085	0.0	0.0	0.0	0.0	0.0	0.0	0.0	0.00173913043478	0.0	0.0	0.0	0.0	0.0	0.0	0.00154411764706	0.0	0.0	0.0
k__Bacteria;p__Proteobacteria;c__Gammaproteobacteria;o__Pseudomonadales;f__	0.0	0.0	0.0	0.0	0.0	0.0	0.0	0.0	0.0	0.0	9.5785440613e-05	0.0	7.85669390321e-05	0.0	0.0	0.0	0.0	0.0	0.0	0.0	0.0	0.0	0.0	0.0	0.0	0.0
k__Bacteria;p__Proteobacteria;c__Gammaproteobacteria;o__Pseudomonadales;f__Moraxellaceae	0.000426730391738	0.000182282172803	0.00350806855768	0.00614993107836	0.00535351670666	0.00526592943655	0.000977768629065	0.00911019593161	0.00100729086723	0.000684170016249	0.00488505747126	0.00921141316558	0.00345694531741	0.00877620672843	0.000395687011574	0.000231884057971	0.00765306122449	0.00689592595953	0.0	8.69867780097e-05	0.000245821042281	0.00019714144899	0.000220588235294	0.0	0.0	0.0
k__Bacteria;p__Proteobacteria;c__Gammaproteobacteria;o__Thiotrichales;f__	0.0	0.0	0.00010023053022	0.000212066588909	9.23020121839e-05	0.0	0.0	0.0	0.000527628549501	0.00145386128453	0.000478927203065	0.000112334306897	0.000471401634192	0.000121891760117	0.00247304382234	0.0	0.000283446712018	0.000725886943109	0.0	0.0	0.0	9.85707244948e-05	0.0	0.0	0.0	0.0
k__Bacteria;p__Proteobacteria;c__Gammaproteobacteria;o__Thiotrichales;f__Piscirickettsiaceae	0.0	0.0	0.000200461060439	0.0	9.23020121839e-05	0.0	0.000668999588308	0.000124797204543	0.0	0.0	0.0	0.000112334306897	0.0	0.000121891760117	0.0	0.00649275362319	0.0	0.000272207603666	0.000108365843086	0.0	0.0	0.0	7.35294117647e-05	0.0	0.0	0.0
k__Bacteria;p__Proteobacteria;c__Gammaproteobacteria;o__Vibrionales;f__Vibrionaceae	0.0	0.0	0.0	0.00307496553918	0.000276906036552	0.0	0.000102923013586	0.00299513290902	0.00119915579432	8.55212520311e-05	9.5785440613e-05	0.00348236351382	0.0	0.00158459288152	0.0	0.000115942028986	0.0	0.00308501950821	0.0	0.0	0.0	0.0	0.0	0.0	0.0	0.0
k__Bacteria;p__Proteobacteria;c__Gammaproteobacteria;o__Xanthomonadales;f__	0.000341384313391	0.00218738607364	0.000400922120878	0.000742233061181	0.000276906036552	0.000921537651395	0.000411692054343	0.000748783227256	0.000767459708365	0.000513127512187	0.000766283524904	0.000561671534487	0.00039283469516	0.000609458800585	0.00029676525868	0.000463768115942	0.000425170068027	0.000725886943109	0.000541829215431	8.69867780097e-05	0.0	0.000295712173484	7.35294117647e-05	0.0	0.0	0.0
k__Bacteria;p__Proteobacteria;c__Gammaproteobacteria;o__Xanthomonadales;f__Sinobacteraceae	8.53460783477e-05	0.0	0.00010023053022	0.000106033294454	0.0	0.000131648235914	0.0	0.000124797204543	0.000143898695318	0.0	0.000191570881226	0.0	0.0	0.000121891760117	0.0	0.0	0.000141723356009	9.07358678886e-05	0.0	0.0	8.19403474271e-05	0.0	0.0	0.0	0.0	0.0
k__Bacteria;p__Proteobacteria;c__Gammaproteobacteria;o__Xanthomonadales;f__Xanthomonadaceae	0.0510369548519	0.063981042654	0.0324746917911	0.0262962570247	0.0255676573749	0.0290942601369	0.0298991354467	0.03818794459	0.031465848043	0.0459249123407	0.0250957854406	0.0343742979106	0.0230986800754	0.0264505119454	0.0503511722228	0.0253913043478	0.0415249433107	0.0278559114418	0.0288253142609	0.0515831593598	0.0400688298918	0.0341054706752	0.0139705882353	0.0	0.0	0.0
k__Bacteria;p__SC3;c__;o__;f__	0.0	0.0	0.0	0.0	0.0	0.0	0.0	0.0	0.0	0.0	0.0	0.0	0.0	0.0	0.0	0.0	0.0	0.0	0.0	0.0	8.19403474271e-05	0.0	0.0	0.0	0.0	0.0
k__Bacteria;p__SC4;c__;o__;f__	0.0	0.0	0.0	0.0	0.0	0.0	0.0	0.000124797204543	0.0	0.0	0.0	0.0	0.0	0.0	0.0	0.0	0.0	0.0	0.0	0.0	0.0	0.0	0.0	0.0	0.0	0.0
k__Bacteria;p__SM2F11;c__;o__;f__	0.0	0.0	0.0	0.0	0.0	0.0	0.0	0.0	0.0	0.0	0.0	0.0	7.85669390321e-05	0.0	9.89217528935e-05	0.0	0.0	0.0	0.0	0.0	0.0	0.0	0.0	0.0	0.0	0.0
k__Bacteria;p__SPAM;c__;o__;f__	0.0	0.0	0.0	0.0	0.0	0.0	0.0	0.0	0.0	0.0	9.5785440613e-05	0.0	7.85669390321e-05	0.0	0.0	0.0	0.0	0.0	0.0	0.0	0.0	0.0	0.0	0.0	0.0	0.0
k__Bacteria;p__Spirochaetes;c__Leptospirae;o__Leptospirales;f__Leptospiraceae	0.0	0.0	0.0	0.0	0.0	0.0	0.0	0.0	0.0	0.0	0.0	0.000112334306897	0.0	0.0	0.0	0.0	0.0	0.0	0.0	0.0	0.0	0.0	0.0	0.0	0.0	0.0
k__Bacteria;p__Spirochaetes;c__Spirochaetes (class);o__Spirochaetales;f__Spirochaetaceae	0.0	0.0	0.0	0.0	0.0	0.0	0.0	0.0	0.000143898695318	0.000684170016249	0.0	0.0	0.0	0.0	0.000494608764467	0.0	0.0	0.0	0.0	0.0	0.0	0.0	0.0	0.0	0.0	0.0
k__Bacteria;p__TG3;c__TG3-1;o__;f__	0.0	0.0	0.0	0.0	0.0	0.0	0.0	0.0	0.0	0.0	0.0	0.000112334306897	0.0	0.0	0.0	0.0	0.0	0.0	0.0	0.0	0.0	0.0	0.0	0.0	0.0	0.0
k__Bacteria;p__TM7;c__TM7-1;o__;f__	0.0	0.0	0.0	0.0	0.0	0.0	0.0	0.0	0.0	0.0	0.0	0.0	0.0	0.0	0.0	0.0	0.0	9.07358678886e-05	0.0	0.0	0.0	0.0	0.0	0.0	0.0	0.0
k__Bacteria;p__Tenericutes;c__Mollicutes;o__Entomoplasmatales;f__Entomoplasmataceae	0.0	0.0	0.0	0.0	0.0	0.0	0.0	0.000124797204543	0.0	0.0	0.0	0.0	0.0	0.0	0.0	0.0	0.0	0.0	0.0	0.0	0.0	0.0	0.0	0.0	0.0	0.0
k__Bacteria;p__Tenericutes;c__Mollicutes;o__Mycoplasmatales;f__Mycoplasmataceae	0.0	0.0	0.0	0.0	0.0	0.0	0.0	0.00049918881817	0.0	0.0	0.0	0.000674005841384	7.85669390321e-05	0.0	0.0	0.0	0.0	0.0	0.0	0.0	0.0	0.0	0.0	0.0	0.0	0.0
k__Bacteria;p__Thermi;c__Deinococci;o__Deinococcales;f__Deinococcaceae	0.000170692156695	0.0	0.000200461060439	0.0	9.23020121839e-05	0.000263296471827	5.14615067929e-05	0.000124797204543	0.000191864927091	0.0	0.000191570881226	0.000112334306897	7.85669390321e-05	0.000121891760117	0.0	0.0	0.000141723356009	0.000181471735777	0.0	0.0	8.19403474271e-05	0.0	7.35294117647e-05	0.0	0.0	0.0
k__Bacteria;p__Verrucomicrobia;c__;o__Methylacidiphilales;f__	0.0	0.0	0.0	0.0	0.0	0.0	0.0	0.0	4.79662317728e-05	0.0	0.0	0.0	0.0	0.0	0.0	0.0	0.0	0.0	0.0	0.0	0.0	0.0	0.0	0.0	0.0	0.0
k__Bacteria;p__Verrucomicrobia;c__Opitutae;o__;f__Opitutaceae	0.000853460783477	0.00145825738243	0.00922120878019	0.00360513201145	0.00655344286505	0.00473933649289	0.000977768629065	0.00336952452265	0.00753069838833	0.00607200889421	0.00689655172414	0.00471804088969	0.00502828409805	0.00536323744515	0.00544069640914	0.000811594202899	0.00524376417234	0.00526268033754	0.00195058517555	0.000521920668058	0.000983284169125	0.000689995071464	0.000220588235294	0.0	0.0	0.0
k__Bacteria;p__Verrucomicrobia;c__Spartobacteria;o__;f__	0.000170692156695	0.000182282172803	0.00811867294778	0.00137843282791	0.00719955695034	0.00355450236967	5.14615067929e-05	0.00112317484088	0.00239831158864	0.00504575386984	0.00756704980843	0.00146034598967	0.0107636706474	0.00182837640176	0.00326441784548	0.000347826086957	0.00240929705215	0.00217766082933	0.000650195058518	0.0	0.000245821042281	0.0	0.000441176470588	0.0	0.0	0.0
k__Bacteria;p__Verrucomicrobia;c__Verrucomicrobiae;o__Verrucomicrobiales;f__	0.000853460783477	0.000911410864017	0.00781798135712	0.00318099883363	0.00867638914528	0.00724065297525	0.000771922601894	0.0111069512043	0.00839409056025	0.0107756777559	0.00948275862069	0.0121321051449	0.00848522941546	0.00889809848854	0.0116727668414	0.000463768115942	0.0093537414966	0.00626077488431	0.00205895101864	0.000521920668058	0.000245821042281	0.000887136520453	0.000220588235294	0.0	0.0	0.0
k__Bacteria;p__Verrucomicrobia;c__Verrucomicrobiae;o__Verrucomicrobiales;f__Verrucomicrobia subdivision 3	0.0	0.0	0.0	0.0	9.23020121839e-05	0.0	0.0	0.0	0.0	8.55212520311e-05	0.0	0.0	0.000157133878064	0.0	0.0	0.0	0.0	0.0	0.0	0.0	0.0	0.0	0.0	0.0	0.0	0.0
k__Bacteria;p__Verrucomicrobia;c__Verrucomicrobiae;o__Verrucomicrobiales;f__Verrucomicrobiaceae	0.0	0.000182282172803	0.000400922120878	0.000424133177818	0.00175373823149	0.00157977883096	0.00036023054755	0.00112317484088	0.001055257099	0.00076969126828	0.000862068965517	0.00112334306897	0.000628535512256	0.000609458800585	0.000494608764467	0.000115942028986	0.00170068027211	0.000907358678886	0.000975292587776	0.0	0.00057358243199	0.000295712173484	0.000294117647059	0.0	0.0	0.0
k__Bacteria;p__WPS-2;c__;o__;f__	0.0	0.0	0.000200461060439	0.0	9.23020121839e-05	0.000131648235914	0.0	0.000124797204543	4.79662317728e-05	8.55212520311e-05	9.5785440613e-05	0.000112334306897	0.0	0.000243783520234	0.0	0.0	0.000283446712018	9.07358678886e-05	0.0	0.0	8.19403474271e-05	0.0	7.35294117647e-05	0.0	0.0	0.0
k__Bacteria;p__WS3;c__PRR-12;o__;f__	0.0	0.0	0.0	0.0	9.23020121839e-05	0.000131648235914	0.0	0.0	0.0	0.0	0.0	0.0	7.85669390321e-05	0.0	0.0	0.0	0.000425170068027	0.0	0.0	0.0	0.0	0.0	0.0	0.0	0.0	0.0
